date,dengue-sg,dengue-sg-normalized,dengue-sg-log,population-sg-normalized,temperature-north-avg,temperature-northeast-avg,temperature-east-avg,temperature-west-avg,temperature-central-avg-filled,temperature-central-avg-scaled,temperature-sg-avg,temperature-north-max,temperature-northeast-max,temperature-east-max,temperature-west-max,temperature-central-max-filled,temperature-central-max-scaled,temperature-sg-max,temperature-north-min,temperature-northeast-min,temperature-east-min,temperature-west-min,temperature-central-min-filled,temperature-central-min-scaled,temperature-sg-min,rainfall-north-avg,rainfall-northeast-avg,rainfall-east-avg,rainfall-west-avg,rainfall-central-avg,rainfall-sg-avg,rainfall-north-max,rainfall-northeast-max,rainfall-east-max,rainfall-west-max,rainfall-central-max,rainfall-sg-max,rainfall-north-min,rainfall-northeast-min,rainfall-east-min,rainfall-west-min,rainfall-central-min,rainfall-sg-min,rainfall-north-consecutive,rainfall-northeast-consecutive,rainfall-east-consecutive,rainfall-west-consecutive,rainfall-central-consecutive,rainfall-sg-consecutive,weekofyear,temperature-sg-max-diff,temperature-sg-min-diff,relative-humidity-avg,ache+pain,dengue,fever,headache,vomiting,nausea,rashes,eye pain,ache+pain-norm,dengue-norm,fever-norm,headache-norm,vomiting-norm,nausea-norm,rashes-norm,eye pain-norm
2004-01-03,53.0,-0.22045454545454546,3.970291913552122,-0.7916174566473989,27.4,27.5,27.4,26.8,26.98076842444766,26.580253746858226,27.275,27.8,28.0,27.7,27.2,27.65292614094502,27.313912379224988,27.675,26.8,26.8,26.8,26.2,26.156678761490088,25.857710091327395,26.65,0.10000000000000002,0.18000000000000002,0.225,0.6,0.4,0.348,0.3,1.0,1.45,3.7,2.6,2.128,0.0,0.0,0.0,0.0,0.0,0.0,1.6666666666666667,0.6,0.75,1.4285714285714286,1.0,1.08,1.0,0.08791583511487744,0.9144529999604104,0.8715161290322581,156.24,9.0,110.8,17.28,0.0,0.0,0.0,0.0,0.25128262862473266,0.018867924528301886,0.21230120712780226,0.03176178660049628,0.0,0.0,0.0,0.0
2004-01-10,81.0,-0.15681818181818186,4.394449154672439,-0.7904713294797691,27.4,27.4,27.4,26.7,26.682435091114332,26.14972228255811,27.225,27.9,27.9,27.8,27.1,27.837926140945026,27.560740737433942,27.675,26.2,26.2,26.6,26.2,25.665012094823407,25.134787541912303,26.3,2.3000000000000003,2.3,4.1,5.885714285714285,3.033333333333333,3.7679999999999993,10.3,13.160000000000002,21.4,21.342857142857145,11.483333333333333,16.024,0.0,0.0,0.0,0.4571428571428571,0.0,0.128,2.6666666666666665,2.0,1.75,5.571428571428571,3.0,3.28,2.0,0.08791583511487389,0.5644529999604089,0.8703870967741936,90.72,13.14,120.0,0.0,82.0,0.0,0.0,0.0,0.14590604242726413,0.02754716981132076,0.2299291051925656,0.0,0.16722408026755853,0.0,0.0,0.0
2004-01-17,87.0,-0.1431818181818182,4.465908118654584,-0.7893250867052025,27.5,27.2,27.4,27.3,26.83243509111433,26.366190616563753,27.35,28.0,27.8,27.8,27.8,27.45792614094502,27.05374194759933,27.85,26.4,26.1,26.5,26.6,25.586678761490077,25.01961005098855,26.4,1.5333333333333332,4.26,3.475,0.42857142857142855,3.4166666666666665,2.532,7.6,26.40000000000001,22.775,2.7142857142857144,22.96666666666667,16.108000000000004,0.0,0.0,0.0,0.0,0.0,0.0,1.0,1.0,1.25,1.1428571428571428,1.3333333333333333,1.16,3.0,0.2629158351148746,0.6644529999604067,0.8692580645161291,105.84,0.0,72.80000000000003,0.0,0.0,0.0,112.7,0.0,0.17022371616514145,0.0,0.13949032381682314,0.0,0.0,0.0,0.2561363636363636,0.0
2004-01-24,57.0,-0.2113636363636364,4.043051267834549,-0.788178959537572,26.3,26.5,26.6,25.9,26.589101757780995,26.01503087473237,26.325000000000006,27.6,27.7,28.0,27.1,27.297926140945023,26.840268772932127,27.6,24.3,24.8,24.4,24.3,25.528345428156747,24.93383957902405,24.45,30.23333333333333,43.04,50.1,32.97142857142857,38.1,38.62799999999999,121.16666666666669,149.45999999999995,163.14999999999995,126.44285714285715,162.61666666666667,144.96800000000005,0.0,0.0,0.0,0.0,0.0,0.0,2.333333333333333,2.4,2.0,2.7142857142857144,2.6666666666666665,2.48,4.0,0.01291583511487815,-1.2855470000395923,0.8681290322580645,66.36,0.0,63.2,16.08,0.0,0.0,0.0,0.0,0.10672756807179504,0.0,0.12109599540141787,0.029556106975461814,0.0,0.0,0.0,0.0
2004-01-31,81.0,-0.15681818181818186,4.394449154672439,-0.7870327167630056,25.3,25.9,25.8,25.1,26.71243509111433,26.19301594935924,25.525,27.2,27.7,27.7,27.2,27.38625947427835,26.95812375477965,27.45,23.9,24.5,24.5,23.7,25.85834542815675,25.419055391851803,24.15,15.666666666666664,20.02,17.575,15.928571428571427,17.666666666666668,17.396,54.7,60.78000000000001,67.8,58.871428571428574,53.33333333333334,58.852,0.0,0.0,0.0,0.0,0.0,0.0,5.333333333333333,5.0,5.0,5.285714285714286,5.0,5.12,5.0,-0.13708416488512398,-1.5855470000395897,0.867,49.84,0.0,70.08,74.4,0.0,48.0,0.0,0.0,0.08015825787670683,0.0,0.1342785974324583,0.13675213675213674,0.0,0.10031347962382443,0.0,0.0
2004-02-07,70.0,-0.18181818181818185,4.248495242049359,-0.7858865895953756,26.9,27.2,27.2,26.5,27.022435091114332,26.640383839637572,26.95,27.5,27.9,28.1,27.6,27.38292614094502,26.95367639697408,27.775,25.6,26.3,26.0,25.4,26.611678761490086,26.526719772650498,25.825000000000006,2.1666666666666665,4.54,3.5,8.22857142857143,6.566666666666666,5.608,8.299999999999999,15.12,16.599999999999998,28.74285714285714,25.43333333333333,20.828000000000007,0.0,0.0,0.0,0.0,0.0,0.0,3.6666666666666665,4.0,2.0,2.142857142857143,3.0,2.88,6.0,0.013840527119945987,-0.5191374989389672,0.8520344827586207,23.520000000000003,23.7,111.36,0.0,0.0,36.48,0.0,0.0,0.03782749248114256,0.049685534591194964,0.21337420961870085,0.0,0.0,0.07623824451410657,0.0,0.0
2004-02-14,63.0,-0.19772727272727272,4.143134726391533,-0.7847404624277456,27.2,27.6,27.6,27.2,27.175768424447657,26.86166258106556,27.4,27.4,27.9,27.9,27.6,27.81459280761169,27.529609232794982,27.7,26.8,27.4,27.3,26.8,26.39667876149008,26.21059431883848,27.075,0.0,0.0,0.0,0.028571428571428574,0.0,0.008,0.0,0.04,0.0,0.15714285714285714,0.0,0.052000000000000005,0.0,0.0,0.0,0.0,0.0,0.0,0.0,0.2,0.0,0.42857142857142855,0.0,0.16,7.0,-0.06115947288005685,0.7308625010610292,0.8370689655172414,23.24,11.6,116.16,0.0,0.0,0.0,0.0,0.0,0.037377165189700384,0.024318658280922438,0.2225713738264035,0.0,0.0,0.0,0.0,0.0
2004-02-21,62.0,-0.2,4.127134385045092,-0.7835942196531792,27.2,27.4,27.7,27.2,27.47243509111433,27.289788841654516,27.375,27.7,27.9,28.1,28.0,28.20459280761168,28.04995009604628,27.925,26.7,27.0,27.3,26.5,26.666678761490086,26.60758907478846,26.875,0.0,0.02,0.07500000000000001,0.7857142857142857,0.23333333333333334,0.292,0.13333333333333333,0.14,0.5,3.6,1.5333333333333332,1.5,0.0,0.0,0.0,0.0,0.0,0.0,0.6666666666666666,1.0,0.75,2.0,1.3333333333333333,1.28,8.0,0.16384052711994454,0.5308625010610301,0.8221034482758621,45.64,9.1,88.32,0.0,0.0,0.0,0.0,0.0,0.07340334850507423,0.01907756813417191,0.16922782142172824,0.0,0.0,0.0,0.0,0.0
2004-02-28,56.0,-0.2136363636363636,4.02535169073515,-0.7824480924855493,27.6,28.0,27.9,27.7,27.62576842444767,27.511067583082514,27.8,28.1,28.2,28.2,28.4,28.13625947427835,27.958779261032163,28.225,27.1,27.8,27.7,27.2,26.860012094823414,26.89185692472795,27.450000000000006,2.0,0.28,0.8999999999999999,0.08571428571428573,0.05000000000000001,0.4759999999999999,13.866666666666665,1.88,6.324999999999998,0.5428571428571429,0.3833333333333333,3.2960000000000003,0.0,0.0,0.0,0.0,0.0,0.0,1.0,1.0,0.5,0.7142857142857143,0.3333333333333333,0.68,9.0,0.4638405271199488,1.1058625010610328,0.8071379310344828,141.12,6.44,162.66,66.0,0.0,0.0,0.0,0.0,0.2269649548868553,0.013501048218029351,0.31166890208852266,0.12131237937689553,0.0,0.0,0.0,0.0
2004-03-06,67.0,-0.18863636363636366,4.204692619390967,-0.7813019653179193,27.5,27.8,28.1,27.1,27.619101757781,27.50144676823781,27.625,27.9,28.3,28.4,27.8,28.25292614094501,28.11443678422699,28.1,26.6,27.0,27.3,26.1,26.715012094823408,26.678656037273328,26.75,12.733333333333334,7.959999999999999,3.4,8.257142857142856,6.2333333333333325,7.472,46.63333333333333,45.1,19.3,30.62857142857143,27.28333333333333,32.828,0.0,0.0,0.0,0.0,0.0,0.0,5.0,3.0,3.0,2.7142857142857144,3.0,3.16,10.0,-0.2890749059257942,0.06484608244256053,0.815258064516129,48.6,0.0,0.0,0.0,0.0,0.0,0.0,0.0,0.07816395130032004,0.0,0.0,0.0,0.0,0.0,0.0,0.0
2004-03-13,58.0,-0.20909090909090908,4.060443010546419,-0.7801557225433529,26.2,26.5,26.5,26.2,27.439101757781,27.24168476743104,26.35,27.5,28.0,28.2,27.6,28.37959280761169,28.283436380838538,27.825000000000006,24.5,25.0,25.3,24.1,26.248345428156746,25.99249226155732,24.725,38.96666666666667,47.62000000000001,39.1,39.55714285714286,54.03333333333333,44.5,207.4333333333333,222.96000000000004,165.8,226.94285714285718,247.73333333333332,219.012,0.3333333333333333,2.56,1.325,0.2857142857142857,1.5833333333333333,1.224,7.0,6.2,6.0,6.2857142857142865,7.0,6.48,11.0,-0.5640749059257892,-1.9601539175574383,0.8272258064516129,96.12,21.28,42.84,149.16,0.0,61.0,52.0,0.0,0.15459092590507742,0.04461215932914046,0.08208469055374591,0.27416597739178383,0.0,0.12748171368861025,0.11818181818181818,0.0
2004-03-20,36.0,-0.2590909090909091,3.58351893845611,-0.7790095953757223,27.3,27.5,27.6,27.1,27.84743509111433,27.83095967666863,27.375,28.4,28.4,28.3,28.2,28.574592807611683,28.54360681246419,28.325,25.4,25.8,26.4,25.5,26.781678761490088,26.776679433804198,25.775,7.2,8.52,6.449999999999998,7.228571428571428,7.033333333333334,7.312,30.8,30.94,26.05,21.914285714285718,27.016666666666666,26.671999999999993,0.0,0.02,0.0,0.014285714285714287,0.0,0.008,3.6666666666666665,4.4,3.0,4.142857142857143,3.5,3.8,12.0,-0.06407490592579279,-0.9101539175574408,0.8391935483870968,54.36,23.1,65.1,0.0,0.0,0.0,0.0,0.0,0.08742782700998762,0.04842767295597485,0.1247365395669668,0.0,0.0,0.0,0.0,0.0
2004-03-27,43.0,-0.2431818181818182,3.7612001156935615,-0.7778634682080924,28.0,28.0,28.0,27.6,28.252435091114325,28.415424178483864,27.9,28.9,28.5,28.6,28.6,28.80292614094502,28.84825082214551,28.65,27.4,27.7,27.5,26.6,27.42834542815675,27.727506380153518,27.3,5.866666666666667,5.3,5.275,6.957142857142857,5.249999999999999,5.816,30.53333333333333,24.06,22.625,28.771428571428565,19.58333333333333,24.852000000000004,0.0,0.0,0.0,0.0,0.0,0.0,2.6666666666666665,3.4,2.75,2.7142857142857144,2.1666666666666665,2.72,13.0,0.2609250940742065,0.6148460824425577,0.8511612903225806,103.84,18.24,78.89999999999998,31.020000000000003,0.0,0.0,0.0,0.0,0.16700709265484026,0.03823899371069183,0.15117838666411185,0.0570168183071409,0.0,0.0,0.0,0.0
2004-04-03,42.0,-0.24545454545454545,3.737669618283368,-0.7767172254335258,28.1,28.4,28.6,27.2,28.26910175778099,28.439476215595604,28.075,29.0,29.0,29.2,28.0,28.98792614094502,29.095079180354467,28.8,26.6,27.4,27.6,26.4,26.950012094823407,27.02418851004461,27.0,7.533333333333334,5.7200000000000015,3.55,12.142857142857142,4.4,7.071999999999999,27.3,32.8,22.175,47.3,23.75,32.328,0.0,0.0,0.0,0.07142857142857142,0.0,0.02,3.333333333333333,1.2,1.75,4.428571428571429,1.6666666666666667,2.56,14.0,0.018075845283348716,0.10764359885122944,0.8545,61.2,3.12,87.02000000000002,29.76,0.0,0.0,54.87,0.0,0.09842867941521784,0.006540880503144654,0.16673692278214214,0.0547008547008547,0.0,0.0,0.12470454545454546,0.0
2004-04-10,38.0,-0.2545454545454545,3.6375861597263857,-0.775571098265896,27.2,27.6,28.2,26.8,28.050768424447664,28.12439452943184,27.45,28.3,28.8,29.3,27.6,28.966259474278356,29.066171354618284,28.5,26.1,26.4,26.5,25.5,27.211678761490077,27.408930341428228,26.125,18.466666666666672,12.0,4.824999999999998,9.857142857142858,4.216666666666667,9.159999999999998,45.16666666666666,48.74,25.05,38.128571428571426,21.68333333333333,35.056000000000004,0.0,0.0,0.0,0.0,0.0,0.0,4.0,3.0,1.5,3.571428571428572,1.5,2.68,15.0,-0.28192415471665194,-0.7673564011487706,0.8463333333333333,37.2,3.3,88.53999999999998,0.0,0.0,47.0,0.0,0.0,0.05982919729160301,0.00691823899371069,0.1696493581145813,0.0,0.0,0.09822361546499478,0.0,0.0
2004-04-17,99.0,-0.1159090909090909,4.59511985013459,-0.7744248554913294,28.8,29.2,29.8,28.5,28.410768424447657,28.64391853104538,29.075,29.3,29.9,30.3,29.2,29.197926140945015,29.375262722105173,29.675,27.5,28.0,29.0,27.2,27.30334542815675,27.543712511658157,27.925,8.166666666666666,1.86,0.65,0.8571428571428571,0.6166666666666667,1.844,55.73333333333334,12.779999999999998,4.525,5.4,3.183333333333333,12.244000000000002,0.0,0.0,0.0,0.0,0.0,0.0,2.0,1.0,0.75,1.1428571428571428,1.3333333333333333,1.2,16.0,0.8930758452833487,1.03264359885123,0.8381666666666666,128.8,13.98,39.14,31.0,0.0,0.0,94.99,0.0,0.20715055406339966,0.02930817610062893,0.07499520981030848,0.05698005698005699,0.0,0.0,0.21588636363636365,0.0
2004-04-24,83.0,-0.15227272727272728,4.418840607796597,-0.7732787283236995,28.5,28.6,29.1,27.7,28.494101757781,28.76417871660408,28.475,29.7,29.7,30.1,29.1,29.14625947427835,29.306328676118888,29.65,26.5,26.9,27.1,26.0,27.180012094823407,27.362369228076066,26.625,9.866666666666664,4.0600000000000005,0.75,12.471428571428573,7.816666666666667,7.484000000000001,53.53333333333333,24.56,5.125,43.828571428571436,40.45,34.13600000000001,0.0,0.0,0.0,0.08571428571428573,0.0,0.024,2.333333333333333,2.2,1.5,5.285714285714286,2.5,3.04,17.0,0.8680758452833466,-0.2673564011487706,0.83,114.4,2.76,37.24,25.42,0.0,0.0,0.0,0.0,0.1839908647892308,0.0057861635220125785,0.07135466564475951,0.046723646723646726,0.0,0.0,0.0,0.0
2004-05-01,90.0,-0.13636363636363635,4.499809670330264,-0.7721326011560696,27.5,28.1,28.7,27.7,28.754101757781,29.1393904955472,28.0,28.9,29.0,29.3,28.5,29.709592807611685,30.057932145259663,28.925,26.3,27.0,27.4,26.8,27.536678761490077,27.88679439951616,26.875,11.033333333333333,12.8,9.775,4.142857142857143,4.1000000000000005,7.5920000000000005,37.86666666666667,55.62000000000001,39.8,16.442857142857143,18.85,31.164,0.0,0.0,0.0,0.0,0.0,0.0,5.333333333333333,4.6,3.25,3.4285714285714284,2.6666666666666665,3.68,18.0,-0.4366399281803126,-0.4704380683509655,0.8229354838709678,109.47,11.34,121.26000000000002,0.0,0.0,0.0,0.0,0.0,0.1760618878363382,0.023773584905660373,0.2323433607970876,0.0,0.0,0.0,0.0,0.0
2004-05-08,139.0,-0.025,4.934473933130692,-0.7709863583815031,27.3,27.9,28.3,27.4,28.790768424447666,29.19230497719302,27.725,27.8,28.6,29.3,27.8,29.63459280761169,29.95786659463441,28.375,26.1,26.7,26.9,26.4,27.64001209482341,28.038730664138985,26.525,7.666666666666668,14.5,12.225,14.3,17.883333333333336,14.071999999999996,40.933333333333344,54.22000000000001,60.07500000000001,51.971428571428575,81.4,59.456,0.0,0.0,0.0,0.0,0.0,0.0,3.333333333333333,2.6,3.0,3.2857142857142856,2.5,2.92,19.0,-0.9866399281803132,-0.8204380683509633,0.822483870967742,96.76,0.0,0.0,43.92,0.0,81.0,18.2,0.0,0.15562024542837385,0.0,0.0,0.08072787427626138,0.0,0.16927899686520376,0.04136363636363636,0.0
2004-05-15,119.0,-0.07045454545454545,4.7791234931115305,-0.7698402312138726,29.0,29.5,29.8,29.0,28.940768424447665,29.408773311198672,29.325,30.5,30.3,30.4,30.3,29.69959280761169,30.044590071842965,30.375,27.9,28.7,28.8,27.6,27.70167876149008,28.129402305930032,28.25,0.7000000000000001,2.5,1.625,3.5857142857142854,1.4833333333333332,2.204,3.4333333333333336,11.36,10.375,15.728571428571426,7.683333333333334,10.592,0.0,0.0,0.0,0.0,0.0,0.0,1.3333333333333333,1.4,1.5,2.0,1.8333333333333333,1.68,20.0,1.0133600718196831,0.904561931649038,0.8220322580645161,71.33999999999997,15.66,60.2,0.0,0.0,76.95,35.0,0.0,0.11473696061244512,0.03283018867924528,0.11534776777160376,0.0,0.0,0.16081504702194355,0.07954545454545454,0.0
2004-05-22,93.0,-0.12954545454545455,4.532599493153255,-0.7686941040462427,28.9,29.6,29.9,28.8,28.83743509111433,29.25965068110589,29.3,29.4,30.3,30.6,29.3,29.70459280761169,30.05126110855132,29.9,27.7,28.9,29.2,27.9,27.92001209482341,28.45042892956859,28.425,2.2,2.8400000000000003,0.4,2.128571428571429,1.2666666666666666,1.796,14.266666666666666,17.7,1.825,12.014285714285714,4.8500000000000005,10.072000000000001,0.0,0.0,0.0,0.0,0.0,0.0,1.3333333333333333,2.4,1.25,1.1428571428571428,1.5,1.52,21.0,0.5383600718196888,1.0795619316490352,0.8215806451612903,37.72,9.18,79.12,0.0,0.0,0.0,0.0,0.0,0.060665519404281325,0.019245283018867926,0.15159992335696493,0.0,0.0,0.0,0.0,0.0
2004-05-29,129.0,-0.04772727272727273,4.859812404361672,-0.7675478612716762,27.0,27.6,27.9,27.0,28.59243509111433,28.906085735563327,27.375,28.2,29.0,29.7,28.7,29.346259474278355,29.57317014445289,28.9,26.1,26.5,26.7,26.1,27.695012094823408,28.11959996627695,26.35,7.666666666666668,4.82,2.7,5.114285714285715,5.583333333333332,5.088,31.100000000000005,22.62,17.55,21.385714285714286,19.25,21.67200000000001,0.0,0.0,0.0,0.0,0.0,0.0,3.0,2.4,2.0,2.7142857142857144,3.8333333333333335,2.84,22.0,-0.4616399281803112,-0.9954380683509604,0.8211290322580644,109.06,9.0,133.87,0.0,0.0,0.0,0.0,0.0,0.17540248001672645,0.018867924528301886,0.2565050776010729,0.0,0.0,0.0,0.0,0.0
2004-06-05,149.0,-0.002272727272727273,5.003946305945459,-0.7664017341040462,27.5,27.7,27.9,27.2,28.45243509111433,28.70404862382473,27.575,27.9,28.0,28.4,27.7,29.506259474278355,29.78664331912009,28.0,27.1,27.4,27.5,26.6,26.98334542815675,27.07320020831003,27.15,3.0666666666666664,7.439999999999999,11.475,4.957142857142856,7.683333333333333,6.924000000000001,18.766666666666666,31.72000000000001,54.125,18.885714285714286,31.75,30.164,0.0,0.0,0.0,0.0,0.03333333333333333,0.008,1.3333333333333333,3.0,2.5,3.571428571428572,4.333333333333333,3.2,23.0,-1.2015296502751305,0.0956464917081945,0.8171666666666667,72.57,9.13,77.22000000000001,0.0,0.0,86.80000000000003,45.36,0.0,0.11671518407128036,0.019140461215932915,0.14795937919141594,0.0,0.0,0.1814002089864159,0.1030909090909091,0.0
2004-06-12,135.0,-0.03409090909090909,4.90527477843843,-0.7652554913294798,28.3,28.5,28.7,27.8,29.12576842444766,29.675750923138967,28.325,29.9,29.8,30.0,29.2,29.77792614094502,30.14910298027378,29.725,26.0,26.3,26.3,25.7,27.748345428156746,28.198018683501633,26.075,10.733333333333334,7.480000000000001,8.45,7.314285714285715,5.866666666666667,7.5920000000000005,54.46666666666667,49.28,54.725,37.34285714285714,39.216666666666654,45.01600000000001,0.0,0.0,0.0,0.0,0.0,0.0,1.0,1.0,1.75,1.2857142857142858,1.6666666666666667,1.36,24.0,0.5234703497248709,-0.9793535082918048,0.8118,64.36999999999999,9.13,91.41,0.0,0.0,24.4,174.96,0.0,0.1035270276790453,0.019140461215932915,0.17514849588043682,0.0,0.0,0.0509926854754441,0.3976363636363637,0.0
2004-06-19,156.0,0.013636363636363636,5.049856007249537,-0.7641093641618498,29.7,29.7,29.9,29.0,29.359101757780994,30.012479442703306,29.575,30.3,30.2,30.3,29.5,30.07959280761168,30.551588861677565,30.075,28.6,28.6,29.0,28.1,28.203345428156748,28.867028364824733,28.575000000000006,0.0,0.0,0.0,0.0,0.0,0.0,0.0,0.0,0.0,0.0,0.0,0.0,0.0,0.0,0.0,0.0,0.0,0.0,0.0,0.0,0.0,0.0,0.0,0.0,25.0,0.8734703497248688,1.5206464917081988,0.8064333333333333,46.33,15.18,87.78,18.0,0.0,0.0,45.36,0.0,0.07451308361612816,0.03182389937106918,0.16819314044836173,0.03308519437551696,0.0,0.0,0.1030909090909091,0.0
2004-06-26,163.0,0.029545454545454545,5.093750200806762,-0.7629632369942199,28.5,29.0,29.4,28.0,28.78076842444766,29.17787375492598,28.725,29.6,29.9,30.0,29.0,29.62292614094501,29.94230084231492,29.625,27.5,27.6,28.2,26.9,27.350012094823413,27.61232888922976,27.55,2.3666666666666667,0.52,0.575,2.5285714285714285,0.06666666666666668,1.204,10.066666666666666,2.9199999999999995,3.925,16.371428571428574,0.4166666666666667,7.104000000000001,0.0,0.0,0.0,0.0,0.0,0.0,2.0,1.0,0.75,1.7142857142857142,0.6666666666666666,1.2,26.0,0.4234703497248695,0.4956464917081931,0.8010666666666667,99.63,6.11,56.69000000000001,0.0,0.0,37.44,68.0,0.0,0.16023610016565612,0.01280922431865828,0.1086223414447212,0.0,0.0,0.07824451410658306,0.15454545454545454,0.0
2004-07-03,163.0,0.029545454545454545,5.093750200806762,-0.7618169942196534,28.1,28.4,28.6,27.8,28.359101757780994,28.569357215999,28.225,29.0,29.4,29.8,29.1,29.047926140945023,29.175131620854675,29.325000000000006,27.8,27.8,28.0,27.2,27.40501209482341,27.693198191367713,27.7,1.1,3.72,3.6,6.385714285714287,8.783333333333333,5.348000000000002,4.533333333333333,20.42,17.324999999999996,27.657142857142862,40.43333333333333,24.848000000000006,0.0,0.0,0.0,0.0,0.0,0.0,4.333333333333333,3.0,3.25,5.142857142857143,4.333333333333333,4.12,27.0,0.4580764498551879,0.8517895472045893,0.8033225806451613,155.39,19.63,108.1,55.65,0.0,36.27,62.56,0.0,0.24991556363285455,0.04115303983228511,0.20712780226096952,0.10228839261097326,0.0,0.07579937304075236,0.1421818181818182,0.0
2004-07-10,191.0,0.0931818181818182,5.25227342804663,-0.7606708670520229,26.6,26.8,27.0,26.1,28.01076842444766,28.06666964036366,26.625,27.5,28.0,28.1,26.3,28.87125947427835,28.939421657159624,27.475,25.3,25.3,25.5,26.0,26.726678761490078,26.69581013166623,25.525,3.033333333333333,4.58,4.025,3.4285714285714293,4.033333333333333,3.852,10.033333333333333,22.1,20.475,14.014285714285714,10.933333333333332,15.447999999999995,0.0,0.02,0.0,0.0,0.05,0.016,2.333333333333333,4.0,2.5,2.2857142857142856,4.833333333333333,3.28,28.0,-1.3919235501448173,-1.3232104527954114,0.815741935483871,118.08,27.43,138.0,23.1,0.0,0.0,62.56,0.0,0.18990945204818505,0.05750524109014675,0.26441847097145044,0.04245933278191343,0.0,0.0,0.1421818181818182,0.0
2004-07-17,220.0,0.1590909090909091,5.393627546352363,-0.759524739884393,26.3,26.6,26.9,25.8,28.09076842444766,28.182119418500005,26.4,26.8,27.0,27.6,26.4,28.87792614094502,28.948316372770766,26.950000000000006,25.8,26.4,26.4,25.2,27.133345428156748,27.293752850504465,25.95,12.233333333333333,12.9,13.225,8.557142857142857,13.4,11.775999999999994,46.1,40.22,47.425,25.54285714285714,39.45,37.784000000000006,0.0,0.0,0.0,0.0,0.0,0.0,4.333333333333333,5.4,5.5,5.571428571428571,6.0,5.48,29.0,-1.9169235501448119,-0.8982104527954107,0.8281612903225806,68.47,17.16,75.9,0.0,0.0,0.0,0.0,0.0,0.11012110587516284,0.035974842767295595,0.14543015903429773,0.0,0.0,0.0,0.0,0.0
2004-07-24,222.0,0.16363636363636366,5.402677381872278,-0.7583784971098265,27.8,28.0,28.1,27.9,28.67076842444766,29.019130309988505,27.950000000000006,28.8,29.2,29.0,28.0,29.29125947427835,29.499788740661035,28.75,26.1,26.2,26.3,27.8,27.52667876149008,27.87209089003653,26.6,8.666666666666666,8.919999999999998,6.3500000000000005,13.9,12.166666666666664,10.652,27.93333333333333,25.880000000000006,26.05,47.61428571428571,47.01666666666667,37.31200000000001,0.0,0.0,0.0,0.0,0.0,0.0,2.0,3.8,2.75,2.142857142857143,2.0,2.52,30.0,-0.11692355014481493,-0.2482104527954121,0.8405806451612904,105.37,5.2,75.9,21.35,40.0,39.0,62.56,0.0,0.16946780964022065,0.01090146750524109,0.14543015903429773,0.0392427166620715,0.08157272208173587,0.08150470219435736,0.1421818181818182,0.0
2004-07-31,221.0,0.16136363636363638,5.3981627015177525,-0.7572323699421966,26.9,27.1,27.1,25.9,28.13743509111433,28.24946512241287,26.75,28.2,28.1,28.1,26.5,28.984592807611683,29.09063182254889,27.725,25.5,25.6,25.8,25.2,26.720012094823414,26.68600779201315,25.525,1.9,1.82,2.175,3.8428571428571434,5.666666666666668,3.3760000000000003,5.7333333333333325,7.219999999999999,10.375,14.785714285714285,30.4,15.228,0.0,0.0,0.025,0.0,0.0,0.004,4.0,3.0,4.0,3.8571428571428568,3.333333333333333,3.6,31.0,-1.1419235501448135,-1.3232104527954078,0.853,43.2,30.770000000000003,89.28999999999998,21.76,0.0,0.0,0.0,0.0,0.06947906782250672,0.06450733752620545,0.17108641502203484,0.03999632386729162,0.0,0.0,0.0,0.0
2004-08-07,311.0,0.3659090909090909,5.739792912179233,-0.75608612716763,27.4,27.6,27.9,27.2,28.164101757780994,28.287948381791647,27.525,28.4,28.5,28.7,27.2,28.76459280761168,28.797106207381486,28.2,25.0,25.4,25.6,27.2,27.05334542815675,27.17612477466744,25.8,6.833333333333332,4.84,4.699999999999998,9.814285714285713,4.516666666666667,6.371999999999999,46.03333333333333,31.9,31.25,67.37142857142857,29.98333333333333,42.964,0.0,0.0,0.0,0.0,0.0,0.0,2.0,2.0,2.0,1.8571428571428568,2.0,1.96,32.0,-0.5506583575415789,-1.0156585118098285,0.8417096774193549,57.40000000000001,17.0,79.17,46.72,0.0,0.0,111.28,0.0,0.0923170947456455,0.03563941299790356,0.15169572715079516,0.08587446006800846,0.0,0.0,0.2529090909090909,0.0
2004-08-14,258.0,0.24545454545454545,5.552959584921617,-0.7549399999999999,28.1,28.3,28.5,27.6,27.744101757781,27.68183704657585,28.125,28.6,28.6,28.7,27.7,28.491259474278355,28.432422867325023,28.4,27.7,28.0,28.4,27.4,26.360012094823407,26.156681450746504,27.875,0.0,0.0,0.0,0.0,0.0,0.0,0.0,0.0,0.0,0.0,0.0,0.0,0.0,0.0,0.0,0.0,0.0,0.0,0.0,0.0,0.0,0.0,0.0,0.0,33.0,-0.35065835754157604,1.0593414881901708,0.8304193548387095,47.0,9.01,55.38999999999999,54.08,0.0,36.0,0.0,0.0,0.07559065249207908,0.01888888888888889,0.10613144280513503,0.09940262843488652,0.0,0.07523510971786834,0.0,0.0
2004-08-21,281.0,0.29772727272727273,5.638354669333745,-0.7537938728323702,27.4,27.4,27.8,26.5,28.330768424447665,28.528468752909045,27.275,28.4,28.2,28.5,27.4,28.897926140945014,28.97500051960416,28.125,26.0,26.2,26.8,25.6,27.380012094823407,27.656439417668643,26.15,4.166666666666667,5.92,8.15,3.128571428571429,2.583333333333333,4.484000000000002,16.666666666666668,29.56,27.125,13.985714285714286,13.066666666666665,19.304000000000002,0.0,0.0,0.0,0.0,0.0,0.0,1.6666666666666667,1.8,1.75,2.8571428571428568,1.5,2.0,34.0,-0.6256583575415782,-0.6656585118098306,0.8191290322580644,48.8,28.050000000000004,125.28,0.0,0.0,0.0,0.0,0.0,0.07848561365135019,0.05880503144654089,0.2400459858210385,0.0,0.0,0.0,0.0,0.0
2004-08-28,332.0,0.4136363636363637,5.805134968916487,-0.7526476300578037,28.1,28.3,28.5,28.1,27.87076842444766,27.86463252862506,28.25,29.0,29.2,29.3,28.5,28.764592807611685,28.797106207381486,29.0,26.1,26.3,26.4,27.3,26.960012094823412,27.03889201952424,26.525,5.3,9.66,11.749999999999998,8.0,5.533333333333334,8.016,30.566666666666666,61.32000000000001,80.125,49.64285714285714,35.166666666666664,51.09200000000001,0.0,0.0,0.0,0.0,0.0,0.0,2.0,1.8,1.75,2.0,1.8333333333333333,1.88,35.0,0.24934164245842186,-0.29065851180982705,0.8078387096774193,70.72999999999998,11.61,67.91,0.0,0.0,0.0,92.5,0.0,0.11375589044180325,0.024339622641509438,0.13012071278022608,0.0,0.0,0.0,0.21022727272727276,0.0
2004-09-04,276.0,0.2863636363636364,5.62040086571715,-0.7515015028901731,28.4,28.6,28.9,28.0,27.764101757780995,27.710699491109928,28.475,29.2,29.0,29.2,28.7,28.711259474278354,28.725948482492427,29.025,27.3,28.2,28.5,27.1,26.500012094823408,26.362530583461307,27.775,1.6666666666666667,4.22,3.3000000000000003,1.4142857142857144,0.3833333333333333,2.0600000000000005,9.0,18.86,17.65,9.857142857142858,1.9,10.891999999999998,0.0,0.0,0.0,0.0,0.0,0.0,2.333333333333333,2.6,3.0,1.0,1.8333333333333333,2.0,36.0,0.2551195630500693,1.2822144978176944,0.8073999999999999,155.1,5.76,60.8,50.22,0.0,0.0,167.98,0.0,0.2494491532238609,0.012075471698113207,0.11649741329756655,0.09230769230769233,0.0,0.0,0.3817727272727273,0.0
2004-09-11,314.0,0.3727272727272728,5.749392985908253,-0.7503553757225433,27.2,27.5,28.1,25.8,28.104101757781,28.201361048189398,27.15,28.7,28.3,28.8,26.1,28.89125947427835,28.966105803993024,27.975,25.8,26.1,27.0,25.4,26.86667876149008,26.90165926438104,26.075000000000006,6.733333333333333,1.94,1.7999999999999998,2.4857142857142853,0.85,2.3840000000000003,43.4,8.820000000000002,9.65,10.62857142857143,3.5499999999999994,12.344000000000001,0.0,0.0,0.0,0.0,0.0,0.0,1.6666666666666667,2.0,2.0,2.4285714285714284,2.1666666666666665,2.12,37.0,-0.7948804369499314,-0.41778550218230137,0.8150999999999999,105.75,20.97,53.2,0.0,0.0,0.0,0.0,0.0,0.17007896810717787,0.04396226415094339,0.10193523663537077,0.0,0.0,0.0,0.0,0.0
2004-09-18,263.0,0.25681818181818183,5.572154032177764,-0.7492091329479768,26.5,26.9,27.5,26.0,28.23076842444766,28.38415653023861,26.725,27.9,28.1,28.5,26.5,29.091259474278356,29.23294727232703,27.75,24.5,25.0,25.7,25.2,26.880012094823407,26.921263943687205,25.1,11.7,6.659999999999998,4.999999999999999,11.142857142857142,7.683333333333333,8.5,55.3,22.62,22.525,37.47142857142858,28.08333333333333,31.996,0.0,0.0,0.0,0.0,0.0,0.0,4.0,3.4,3.0,4.428571428571429,3.6666666666666665,3.76,38.0,-1.0198804369499328,-1.3927855021823028,0.8228,103.87,6.0299999999999985,88.4,60.45,0.0,34.0,46.62,0.0,0.16705534200749472,0.012641509433962262,0.16938110749185667,0.11111111111111112,0.0,0.07105538140020899,0.10595454545454544,0.0
2004-09-25,325.0,0.3977272727272727,5.783825182329737,-0.7480630057803468,27.1,27.4,27.7,26.5,28.284101757781,28.461123048996182,27.175,28.2,28.5,28.5,26.9,29.084592807611685,29.224052556715893,28.025,26.2,26.5,26.7,25.9,26.833345428156747,26.852647566115603,26.325000000000006,15.833333333333336,7.760000000000002,7.25,4.671428571428572,2.783333333333333,6.587999999999999,59.46666666666666,30.02,31.325,27.342857142857138,12.866666666666667,28.896000000000004,0.0,0.0,0.0,0.0,0.0,0.0,3.0,3.0,2.75,2.2857142857142856,2.0,2.52,39.0,-0.7448804369499342,-0.16778550218230134,0.8305,74.26,16.92,96.16,19.22,0.0,90.0,42.92,0.0,0.11943323093748495,0.03547169811320755,0.1842498562943092,0.03532763532763533,0.0,0.18808777429467088,0.09754545454545456,0.0
2004-10-02,302.0,0.34545454545454546,5.71042701737487,-0.7469167630057804,27.0,26.9,27.4,26.9,28.27743509111433,28.451502234151484,27.05,28.4,27.9,28.2,28.0,29.23125947427835,29.419736300160828,28.125,25.9,25.7,26.1,25.1,27.02667876149008,27.13691541605509,25.7,3.8,5.36,2.125,4.914285714285714,4.066666666666666,4.22,19.33333333333333,23.96,9.55,21.2,13.949999999999998,17.924,0.0,0.0,0.0,0.0,0.0,0.0,3.0,4.0,2.75,3.2857142857142856,3.1666666666666665,3.28,40.0,-0.6576892782723114,-1.0743897579196862,0.8361935483870967,58.48,11.0,85.34,11.55,0.0,0.0,31.0,0.0,0.09405407144120816,0.023060796645702302,0.16351791530944626,0.021229666390956716,0.0,0.0,0.07045454545454545,0.0
2004-10-09,244.0,0.2136363636363636,5.497168225293202,-0.7457706358381504,28.2,28.3,28.6,27.5,28.430768424447667,28.672780975579478,28.15,29.0,29.1,29.3,28.2,29.33792614094502,29.56205174993897,28.9,27.1,27.1,27.2,25.8,27.000012094823408,27.097706057442746,26.8,1.7333333333333334,1.5,1.925,4.5,0.4833333333333334,2.1919999999999997,10.500000000000002,10.48,13.175,26.785714285714285,3.266666666666667,13.748,0.0,0.0,0.0,0.0,0.0,0.0,1.6666666666666667,1.0,1.25,1.7142857142857142,1.0,1.32,41.0,0.11731072172769075,0.02561024208031881,0.8368709677419355,35.7,18.3,91.46,11.34,0.0,80.10000000000002,41.540000000000006,0.0,0.057416729658877085,0.038364779874213835,0.17524429967426705,0.020843672456575684,0.0,0.16739811912225708,0.09440909090909093,0.0
2004-10-16,340.0,0.4318181818181818,5.828945617610208,-0.7446245086705204,28.4,28.5,28.8,27.8,28.150768424447666,28.268706752102265,28.375,29.4,29.1,29.4,28.8,29.091259474278356,29.23294727232703,29.175,27.2,27.7,28.1,26.5,27.146678761490087,27.313357529810638,27.375,1.5666666666666669,0.7000000000000001,1.05,3.5571428571428565,0.35000000000000003,1.5759999999999998,8.933333333333334,4.459999999999999,5.1000000000000005,22.2,2.5,9.595999999999998,0.0,0.0,0.0,0.0,0.0,0.0,2.0,1.4,1.0,1.1428571428571428,0.6666666666666666,1.16,42.0,0.3923107217276893,0.6006102420803181,0.8375483870967741,106.08,6.300000000000002,70.38000000000002,21.0,0.0,0.0,21.08,0.0,0.1706097109863776,0.013207547169811323,0.13485342019543972,0.03859939343810312,0.0,0.0,0.047909090909090915,0.0
2004-10-23,314.0,0.3727272727272728,5.749392985908253,-0.7434782658959541,26.6,26.8,27.1,26.3,27.930768424447667,27.95121986222732,26.7,27.4,27.8,28.4,27.1,28.89792614094502,28.975000519604173,27.675,25.5,25.9,26.0,25.1,26.39334542815675,26.205693149011942,25.625,13.6,10.44,10.35,17.88571428571429,7.7333333333333325,12.24,40.66666666666666,30.12,29.125,38.02857142857143,20.816666666666666,31.20800000000001,0.3,0.1,0.0,0.2571428571428572,0.26666666666666666,0.192,6.0,3.8,3.0,6.428571428571429,4.333333333333333,4.8,43.0,-1.1076892782723142,-1.1493897579196821,0.8382258064516129,123.08,2.9000000000000004,56.10000000000001,16.38,0.0,0.0,19.84,0.0,0.19795101082393812,0.0060796645702306095,0.10749185667752442,0.030107526881720432,0.0,0.0,0.045090909090909084,0.0
2004-10-30,260.0,0.25,5.5606816310155285,-0.7423321387283235,26.2,26.5,26.7,25.6,27.808546202225447,27.774838256741237,26.25,26.9,27.3,27.7,26.0,28.82348169650058,28.87567619527984,26.975,25.7,25.7,25.7,25.4,26.943345428156746,27.01438617039152,25.625,17.5,4.8599999999999985,5.05,12.485714285714286,6.2666666666666675,8.879999999999997,57.43333333333334,12.82,13.150000000000002,44.38571428571429,21.866666666666664,29.236000000000004,1.6,0.4,0.125,0.2714285714285714,0.13333333333333333,0.4,7.0,6.6,6.5,6.571428571428571,6.5,6.6,44.0,-1.8076892782723102,-1.1493897579196821,0.8389032258064516,85.87,17.3,61.39000000000001,0.0,0.0,0.0,173.13,0.0,0.1381057304147836,0.03626834381551363,0.11762789806476336,0.0,0.0,0.0,0.3934772727272727,0.0
2004-11-06,258.0,0.24545454545454545,5.552959584921617,-0.7411860115606935,26.3,26.8,27.0,26.1,27.651879535558766,27.54874910789089,26.55,27.4,27.9,27.7,26.2,28.70459280761169,28.7170537668813,27.3,25.9,26.3,26.2,25.9,26.516678761490077,26.38703643259402,26.075000000000006,23.866666666666664,25.2,14.325,9.371428571428572,14.983333333333333,16.416000000000004,107.66666666666669,78.9,61.05,34.871428571428574,45.98333333333334,59.268,0.0,0.0,0.0,0.0,0.0,0.0,6.0,5.6,4.25,5.428571428571429,4.333333333333333,5.08,45.0,-0.9118503055504874,-0.1713744207693466,0.8434,73.53,15.1,33.0,0.0,0.0,0.0,0.0,0.0,0.11825916335622498,0.03165618448637317,0.06323050392795554,0.0,0.0,0.0,0.0,0.0
2004-11-13,192.0,0.09545454545454546,5.2574953720277815,-0.7400397687861271,27.1,27.5,27.6,26.7,27.246323980003208,26.96348287150525,27.225,27.8,28.0,28.1,27.5,28.154592807611685,27.98323972896278,27.85,26.6,26.8,26.6,26.2,26.23667876149008,25.975338167164413,26.55,2.0,2.14,2.675,4.785714285714286,4.2,3.444,11.5,8.3,11.925,15.557142857142859,19.916666666666668,14.084,0.0,0.0,0.0,0.0,0.0,0.0,2.6666666666666665,3.0,3.75,4.142857142857143,2.6666666666666665,3.32,46.0,-0.3618503055504867,0.30362557923065125,0.8485333333333334,113.95,0.0,47.85,45.0,0.0,0.0,0.0,100.0,0.183267124499413,0.0,0.09168423069553552,0.0827129859387924,0.0,0.0,0.0,0.3890445066915655
2004-11-20,263.0,0.25681818181818183,5.572154032177764,-0.7388936416184971,26.9,27.3,27.4,26.1,27.474101757781,27.292194045365683,26.925,28.1,28.6,28.4,27.2,28.2757039187228,28.144827062565042,28.075,25.7,26.1,25.8,25.2,26.355567650378973,26.150146557644447,25.7,7.2666666666666675,10.72,7.175,11.528571428571427,9.533333333333333,9.68,26.1,40.1,38.75,41.51428571428572,40.40000000000001,38.672,0.0,0.0,0.0,0.0,0.0,0.0,2.6666666666666665,3.4,2.0,2.8571428571428568,2.5,2.72,47.0,-0.13685030555048885,-0.5463744207693502,0.8536666666666666,80.84,0.0,26.07,41.4,0.0,0.0,0.0,0.0,0.13001592228637598,0.0,0.04995209810308488,0.07609594706368901,0.0,0.0,0.0,0.0
2004-11-27,316.0,0.3772727272727273,5.755742213586912,-0.7377475144508672,26.9,27.2,27.1,26.3,27.31299064666989,27.05969101995221,26.875,27.9,28.2,28.0,26.9,28.222370585389463,28.073669337675966,27.75,26.4,26.6,26.0,25.8,26.47890098371231,26.33148984122655,26.2,6.133333333333333,9.46,8.375,13.214285714285712,16.25,11.568,19.733333333333327,38.28,35.625,42.68571428571429,67.05,43.768,0.0,0.0,0.0,0.0,0.016666666666666666,0.004,3.6666666666666665,4.4,4.75,5.0,5.333333333333333,4.76,48.0,-0.4618503055504881,-0.046374420769350166,0.8588,60.66,10.0,84.66,0.0,0.0,0.0,0.0,0.0,0.0975601910674365,0.020964360587002098,0.16221498371335502,0.0,0.0,0.0,0.0,0.0
2004-12-04,300.0,0.3409090909090909,5.703782474656202,-0.7366012716763007,27.3,27.8,27.6,26.7,27.25743509111433,26.979517562913085,27.35,28.1,28.4,28.2,27.8,28.18459280761169,28.02326594921288,28.125,26.0,26.3,26.9,25.5,26.278900983712305,26.037419651633964,26.175,10.133333333333333,9.98,3.6,3.628571428571429,5.133333333333334,6.036000000000001,63.26666666666667,66.03999999999999,22.125,23.7,26.68333333333333,37.38,0.0,0.0,0.0,0.0,0.0,0.0,2.6666666666666665,1.8,1.75,2.4285714285714284,2.5,2.24,49.0,0.30938397681131136,0.3778655953219854,0.8598387096774194,30.800000000000004,14.63,78.11999999999998,0.0,0.0,50.73,0.0,0.0,0.049536002058639055,0.030670859538784068,0.14968384748036018,0.0,0.0,0.10601880877742947,0.0,0.0
2004-12-11,305.0,0.3522727272727273,5.720311776607412,-0.7354551445086708,26.1,26.4,26.4,25.4,27.208546202225442,26.908964920718645,26.075000000000006,27.7,28.1,27.8,27.0,27.94570391872279,27.70453863981393,27.65,24.5,24.8,24.6,23.7,26.032234317045642,25.67473308446979,24.4,4.066666666666666,4.5,4.25,10.071428571428571,9.283333333333333,7.115999999999999,14.233333333333334,17.080000000000002,16.05,53.39999999999999,42.266666666666666,32.788000000000004,0.0,0.0,0.0,0.0,0.0,0.0,3.333333333333333,3.4,2.75,2.8571428571428568,3.5,3.16,50.0,-0.16561602318869004,-1.3971344046780096,0.8578064516129033,84.28,15.18,88.62,45.99,0.0,48.06,60.76,0.0,0.13554851472409413,0.03182389937106918,0.1698026441847097,0.08453267162944582,0.0,0.10043887147335424,0.1380909090909091,0.0
2004-12-18,329.0,0.4068181818181818,5.796057750765373,-0.7343089017341042,26.9,27.2,27.1,25.6,26.77521286889211,26.283611955813452,26.7,27.4,27.9,27.5,26.2,27.770148363167237,27.470311128720752,27.25,25.8,26.1,26.2,24.8,25.491123205934528,24.879109849294323,25.725,5.7,2.4,2.25,12.642857142857142,5.25,6.324,19.266666666666673,9.42,9.25,49.542857142857144,16.566666666666666,23.524,0.0,0.0,0.0,0.05714285714285715,0.016666666666666666,0.02,3.6666666666666665,2.6,2.25,4.428571428571429,3.8333333333333335,3.48,51.0,-0.5656160231886886,-0.07213440467801037,0.8557741935483871,75.32000000000002,35.53,46.62,12.39,0.0,89.0,31.0,0.0,0.1211380413979446,0.07448637316561844,0.08932745736731172,0.02277364212848084,0.0,0.1859979101358412,0.07045454545454545,0.0
2004-12-25,290.0,0.3181818181818182,5.66988092298052,-0.7331627745664737,27.0,27.1,27.2,26.3,26.630768424447666,26.075160967511717,26.9,27.4,27.6,27.5,26.4,27.319037252056127,26.86843537236739,27.225,26.5,26.6,26.9,26.1,25.633345428156748,25.088226428560148,26.525,0.2,0.04,0.15000000000000002,0.07142857142857142,0.18333333333333332,0.12000000000000002,1.4666666666666668,0.14,1.1,0.6,1.2666666666666668,0.852,0.0,0.0,0.0,0.0,0.0,0.0,0.6666666666666666,0.4,0.75,0.7142857142857143,0.8333333333333334,0.68,52.0,-0.5906160231886872,0.7278655953219868,0.853741935483871,39.2,14.41,134.82,0.0,0.0,0.0,0.0,0.0,0.06304582080190425,0.030209643605870026,0.2583253496838474,0.0,0.0,0.0,0.0,0.0
2005-01-01,243.0,0.2113636363636364,5.493061443340548,-0.7318664739884393,25.7,25.9,25.9,24.5,26.946404612159338,26.742957446322713,25.5,27.1,27.2,27.2,26.3,27.270995807127896,26.78308965118317,26.95,24.8,24.9,24.7,23.9,26.24154088050315,26.055625746839503,24.575000000000006,12.533333333333333,12.7,13.575,12.0,9.85,11.939999999999998,31.46666666666667,36.62,35.84999999999999,32.857142857142854,32.03333333333334,33.72399999999999,0.0,0.0,0.0,0.0,0.0,0.0,4.666666666666667,4.8,3.0,3.571428571428572,3.0,3.72,53.0,-0.6370841648851241,-1.1605470000395892,0.8513870967741936,70.29,7.56,36.63,0.0,31.35,0.0,46.74,0.0,0.11304823326953695,0.015849056603773583,0.07018585936003065,0.0,0.06393262093156049,0.0,0.10622727272727273,0.0
2005-01-08,317.0,0.3795454545454545,5.758901773877279,-0.7296693641618497,25.8,25.9,25.9,24.6,27.069737945492673,26.89071864035256,25.55,26.7,26.8,26.8,25.4,27.845995807127892,27.53460235791975,26.425,24.5,24.6,24.7,23.3,26.211540880503158,26.016416388227164,24.275,16.266666666666666,14.56,13.925,15.314285714285715,12.050000000000002,14.271999999999998,71.03333333333335,61.15999999999999,74.125,70.05714285714286,59.83333333333334,66.592,0.03333333333333333,0.28,0.05,0.014285714285714287,0.0,0.07200000000000001,5.0,4.6,4.75,4.428571428571429,4.0,4.48,1.0,-1.162084164885126,-1.4605470000395933,0.8470967741935485,141.9,27.0,81.84,0.0,33.0,0.0,186.96,0.0,0.2282194380558728,0.05660377358490566,0.15681164974132974,0.0,0.06729749571743207,0.0,0.4249090909090909,0.0
2005-01-15,298.0,0.3363636363636364,5.697093486505405,-0.7274722543352601,26.8,26.8,26.8,26.1,26.771404612159337,26.533296292631704,26.625,27.4,27.4,27.5,27.0,28.030995807127894,27.776393402695874,27.325,25.6,25.7,25.3,24.7,25.71987421383648,25.373818566524854,25.325,0.1,0.86,2.7,0.17142857142857146,0.4166666666666667,0.7640000000000002,0.6333333333333333,5.0200000000000005,15.4,1.1571428571428568,1.7166666666666666,4.279999999999999,0.0,0.0,0.0,0.0,0.0,0.0,1.6666666666666667,1.8,1.75,1.1428571428571428,2.0,1.64,2.0,-0.262084164885124,-0.41054700003959255,0.8428064516129032,86.13000000000002,51.84,96.69,52.14,0.0,30.69,58.22,0.0,0.1385238914711228,0.10867924528301888,0.18526537650890973,0.09583677970774744,0.0,0.06413793103448276,0.1323181818181818,0.0
2005-01-22,217.0,0.15227272727272728,5.37989735354046,-0.7252751445086705,26.0,26.5,26.6,26.0,26.92140461215934,26.71300585293828,26.275,26.6,27.3,27.3,26.7,27.65099580712789,27.27974152693952,26.975,25.3,25.6,25.5,25.1,25.64154088050315,25.27143857459263,25.375,0.3,0.5,0.8500000000000001,0.2285714285714286,0.4833333333333334,0.452,1.8333333333333333,3.4799999999999995,5.875,1.414285714285714,3.5333333333333337,3.1,0.0,0.0,0.0,0.0,0.0,0.0,2.0,1.2,1.25,1.4285714285714286,1.1666666666666667,1.36,3.0,-0.6120841648851219,-0.36054700003959184,0.8385161290322579,107.91,25.8,116.49,49.5,0.0,31.0,0.0,0.0,0.17355292149830326,0.054088050314465404,0.22320367886568307,0.09098428453267164,0.0,0.06478578892371996,0.0,0.0
2005-01-29,272.0,0.2772727272727273,5.605802066295998,-0.7230780346820809,27.0,27.1,27.1,26.9,26.678071278826003,26.42147701066317,27.025,27.4,27.4,27.4,27.2,27.4909958071279,27.070624947673693,27.35,26.7,26.8,26.7,26.7,25.58320754716981,25.195198155068628,26.725,1.2,0.02,0.0,0.014285714285714287,0.0,0.15200000000000002,8.333333333333334,0.1,0.025,0.05714285714285715,0.0,1.04,0.0,0.0,0.0,0.0,0.0,0.0,1.0,0.2,0.25,0.14285714285714285,0.0,0.24,4.0,-0.2370841648851254,0.9894529999604096,0.8342258064516129,112.43,21.0,163.28000000000003,19.47,48.0,0.0,0.0,0.0,0.18082249063158395,0.0440251572327044,0.3128568691320177,0.03578715191618418,0.09788726649808303,0.0,0.0,0.0
2005-02-05,282.0,0.3,5.641907070938113,-0.7208809248554914,27.7,27.8,27.8,27.5,26.801404612159338,26.569238204693022,27.7,28.2,28.2,28.3,28.0,27.579329140461226,27.18607472581003,28.175,27.1,27.4,27.2,27.0,25.913207547169808,25.626501099804408,27.175,0.10000000000000002,0.0,0.0,1.9285714285714288,0.5666666666666667,0.688,0.5,0.06000000000000001,0.0,9.471428571428572,3.9,3.66,0.0,0.0,0.0,0.0,0.0,0.0,1.0,0.4,0.0,1.5714285714285714,1.1666666666666667,0.92,5.0,0.4138405271199481,0.8308625010610307,0.823,73.08000000000001,48.92999999999999,131.56,57.35,0.0,74.73,113.16,0.0,0.1175354230664072,0.10257861635220124,0.25207894232611605,0.10541310541310543,0.0,0.1561755485893417,0.25718181818181823,0.0
2005-02-12,198.0,0.10909090909090907,5.288267030694535,-0.7186836994219652,28.1,28.1,28.2,27.9,27.111404612159337,26.94063796265994,28.075000000000006,28.6,28.6,28.7,28.2,27.575995807127896,27.181718130408658,28.525,27.5,27.5,27.7,27.2,26.66654088050316,26.61109166051437,27.475,0.0,0.0,0.0,0.5,0.0,0.14,0.0,0.0,0.0,3.385714285714286,0.06666666666666668,0.964,0.0,0.0,0.0,0.0,0.0,0.0,0.0,0.0,0.0,0.5714285714285714,0.3333333333333333,0.24,6.0,0.7638405271199495,1.1308625010610314,0.809,59.64,20.79,108.1,0.0,0.0,0.0,26.22,0.0,0.09591971307718287,0.043584905660377364,0.20712780226096952,0.0,0.0,0.0,0.0595909090909091,0.0
2005-02-19,317.0,0.3795454545454545,5.758901773877279,-0.7164865895953756,28.6,28.6,28.8,28.2,27.264737945492662,27.1243410687511,28.55,29.4,29.3,29.3,28.5,28.007662473794564,27.745897234886275,29.125,27.9,28.1,28.3,27.7,26.45154088050315,26.330091257125908,28.0,3.4,1.28,0.2,0.8428571428571429,3.8666666666666663,1.86,21.566666666666666,6.08,1.325,5.257142857142857,21.66666666666667,10.687999999999997,0.0,0.0,0.0,0.0,0.0,0.0,1.3333333333333333,0.8,1.0,1.5714285714285714,1.3333333333333333,1.24,7.0,1.3638405271199474,1.65586250106103,0.795,96.6,46.41,65.32,49.29,0.0,0.0,0.0,0.0,0.15536291554754975,0.09729559748427674,0.12515807625981987,0.0905982905982906,0.0,0.0,0.0,0.0
2005-02-26,237.0,0.19772727272727272,5.468060141135132,-0.7142894797687859,28.6,28.7,29.0,28.4,27.56140461215934,27.479766643579666,28.675,29.2,29.2,29.6,28.9,28.39766247379456,28.255618896846727,29.225,27.7,27.7,28.6,27.5,26.72154088050315,26.682975484636998,27.875,6.033333333333332,2.4,0.925,5.142857142857143,1.3833333333333335,3.1239999999999988,38.16666666666666,14.9,4.575,35.31428571428571,7.866666666666667,20.068,0.0,0.0,0.0,0.0,0.0,0.0,1.0,1.4,0.75,1.1428571428571428,0.8333333333333334,1.04,8.0,1.4638405271199488,1.53086250106103,0.7810000000000001,64.47999999999999,9.87,41.18,31.29,43.2,53.0,0.0,0.0,0.10370394197211186,0.02069182389937107,0.07890400459858209,0.05751309622277365,0.08809853984827473,0.11076280041797283,0.0,0.0
2005-03-05,156.0,0.013636363636363636,5.049856007249537,-0.7120923699421964,27.5,27.9,28.4,27.3,27.71473794549268,27.663469749670835,27.775,28.2,28.6,28.9,28.2,28.329329140461226,28.166308691118623,28.475,25.8,26.2,27.5,26.7,26.914874213836487,26.935658017916552,26.55,11.433333333333332,13.919999999999998,8.8,7.1,9.8,9.904000000000002,37.433333333333344,43.06,30.975,19.528571428571436,29.33333333333333,30.568,0.0,0.0,0.0,0.0,0.0,0.0,5.0,5.0,4.0,5.0,5.166666666666667,4.88,9.0,0.08592509407420579,-0.13515391755743875,0.7811935483870969,89.89999999999998,22.9,62.06,0.0,0.0,0.0,0.0,0.0,0.1445872267880406,0.0480083857442348,0.11891166890208853,0.0,0.0,0.0,0.0,0.0
2005-03-12,158.0,0.01818181818181818,5.062595033026967,-0.7098952601156068,27.5,27.8,28.2,27.3,27.708071278826004,27.65548265810165,27.7,27.9,28.4,28.5,27.6,28.44599580712789,28.31878953016661,28.1,26.7,27.4,27.7,26.1,26.769874213836484,26.746146117956886,26.975,4.233333333333333,2.22,1.375,3.6428571428571423,1.4833333333333332,2.548,14.233333333333334,11.28,7.65,17.32857142857143,8.833333333333334,12.16,0.0,0.0,0.0,0.0,0.0,0.0,2.333333333333333,1.8,1.75,2.0,1.0,1.72,10.0,-0.28907490592579066,0.28984608244256194,0.7870645161290323,50.84,10.9,26.39,46.44,0.0,44.28,0.0,0.0,0.08176656963185745,0.022851153039832286,0.05056524238359839,0.08535980148883375,0.0,0.09253918495297804,0.0,0.0
2005-03-19,103.0,-0.1068181818181818,4.634728988229637,-0.7076981502890173,28.5,28.7,29.1,28.6,27.528071278826012,27.439831185733762,28.725,28.8,29.0,29.5,29.0,28.57266247379457,28.484340155418742,29.075,28.2,28.3,28.4,28.3,26.303207547169816,26.13622276176487,28.3,0.0,0.06000000000000001,0.1,0.014285714285714287,0.0,0.032,0.0,0.46,0.6,0.08571428571428573,0.016666666666666666,0.216,0.0,0.0,0.0,0.0,0.0,0.0,0.0,0.6,0.75,0.14285714285714285,0.16666666666666666,0.32,11.0,0.6859250940742072,1.6148460824425612,0.7929354838709678,91.45,34.1,62.05999999999999,7.08,54.0,0.0,0.0,0.0,0.14708011000852406,0.07148846960167715,0.11891166890208847,0.013013509787703338,0.11012317481034342,0.0,0.0,0.0
2005-03-26,100.0,-0.11363636363636365,4.605170185988092,-0.7055010404624277,28.2,28.5,29.0,28.1,27.93640461215934,27.929040544346105,28.450000000000006,28.9,29.1,29.5,28.6,28.76766247379456,28.73920098639897,29.025,27.0,27.5,28.1,27.1,26.836540880503158,26.83327802598432,27.425,5.033333333333333,3.3600000000000003,2.025,4.214285714285714,1.4333333333333331,3.124,21.0,16.919999999999998,12.6,16.314285714285713,7.650000000000001,14.323999999999995,0.0,0.0,0.0,0.0,0.0,0.0,1.6666666666666667,1.0,1.0,1.8571428571428568,1.0,1.32,12.0,0.6359250940742065,0.7398460824425577,0.7988064516129032,106.64,41.10000000000001,59.74,23.0,0.0,0.0,0.0,0.0,0.17151036556926194,0.08616352201257864,0.11446637286836556,0.04227552614649389,0.0,0.0,0.0,0.0
2005-04-02,138.0,-0.027272727272727268,4.927253685157205,-0.7033039306358381,26.8,27.1,27.4,26.7,28.34140461215933,28.41425635717385,27.000000000000004,27.6,27.8,28.4,27.7,28.99599580712789,29.037627771392923,27.875000000000004,26.0,26.2,26.4,25.6,27.48320754716982,27.678457533850388,26.05,6.1000000000000005,8.88,8.95,5.385714285714287,7.050000000000002,7.14,20.566666666666666,32.1,24.375,25.142857142857142,22.866666666666664,25.316000000000006,0.0,0.06,0.0,0.0,0.6,0.156,4.333333333333333,5.0,4.0,2.7142857142857144,5.666666666666668,4.28,13.0,-0.9069241547166484,-0.8423564011487734,0.8034666666666667,114.66,17.2,43.79,0.0,0.0,31.0,38.16,0.0,0.1844090258455699,0.036058700209643614,0.08390496263652039,0.0,0.0,0.06478578892371996,0.08672727272727274,0.0
2005-04-09,125.0,-0.05681818181818181,4.8283137373023015,-0.7011068208092485,27.0,27.4,27.5,26.0,28.358071278826,28.4342240860968,26.975,28.6,28.6,28.5,26.7,29.180995807127896,29.279418816169038,28.1,24.8,25.2,25.3,24.3,27.004874213836484,27.05328609375357,24.9,13.433333333333332,14.3,11.75,13.514285714285714,17.733333333333334,14.391999999999998,61.53333333333333,54.55999999999999,45.65,60.11428571428571,66.75,58.452,0.0,0.0,0.0,0.0,0.0,0.0,4.0,3.8,5.0,3.4285714285714284,4.333333333333333,4.04,14.0,-0.6819241547166506,-1.992356401148772,0.8050999999999999,99.84,16.0,105.27,20.7,29.14,0.0,0.0,0.0,0.16057384563423774,0.03354297693920336,0.20170530753017815,0.038047973531844505,0.05942572803654458,0.0,0.0,0.0
2005-04-16,118.0,-0.07272727272727272,4.770684624465665,-0.6989097109826594,27.4,28.0,28.6,27.1,28.139737945492676,28.17264683720613,27.775,28.6,28.9,29.1,28.5,29.15932914046123,29.251100946060124,28.775,26.4,26.8,27.1,26.1,27.26654088050315,27.395278832761235,26.6,10.066666666666666,6.8,4.9,6.414285714285714,5.333333333333333,6.427999999999997,34.76666666666667,27.62,22.8,31.014285714285716,23.53333333333333,27.676,0.0,0.0,0.0,0.0,0.0,0.0,3.333333333333333,2.6,2.0,3.1428571428571432,2.1666666666666665,2.64,15.0,-0.006924154716653419,-0.29235640114876915,0.8067333333333333,139.23000000000002,17.4,76.27,0.0,0.0,0.0,53.0,0.0,0.22392524566962066,0.03647798742138365,0.14613910710864148,0.0,0.0,0.0,0.12045454545454545,0.0
2005-04-23,139.0,-0.025,4.934473933130692,-0.6967124855491328,28.1,28.3,28.9,27.9,28.499737945492665,28.603949781941896,28.300000000000004,29.1,29.3,29.8,29.1,29.39099580712789,29.553884326455442,29.325000000000006,26.7,26.7,27.9,26.9,27.35820754716982,27.515085206298963,27.05,4.8,3.22,1.75,5.285714285714286,5.65,4.336,28.5,20.32,12.125,29.17142857142857,29.53333333333333,24.68,0.0,0.0,0.0,0.0,0.0,0.0,1.6666666666666667,1.0,1.0,1.8571428571428568,1.1666666666666667,1.36,16.0,0.5430758452833508,0.1576435988512266,0.8083666666666667,119.73000000000002,9.4,73.36999999999998,0.0,31.0,0.0,0.0,0.0,0.1925631664441836,0.01970649895178197,0.1405824870664878,0.0,0.0632188596133453,0.0,0.0,0.0
2005-04-30,118.0,-0.07272727272727272,4.770684624465665,-0.6945153757225432,29.0,29.6,30.3,28.5,28.583071278826004,28.703788426556674,29.35,30.2,30.2,30.7,29.3,29.33932914046123,29.486357097734185,30.1,27.1,28.2,29.7,27.4,27.234874213836484,27.35389117644821,28.1,7.133333333333334,2.62,2.325,5.914285714285714,1.6499999999999997,3.804,46.16666666666666,17.740000000000006,14.075,35.2,10.6,23.74,0.0,0.0,0.0,0.0,0.0,0.0,2.333333333333333,1.4,1.25,1.4285714285714286,1.3333333333333333,1.48,17.0,1.318075845283346,1.2076435988512308,0.81,77.86000000000001,7.1000000000000005,119.86,8.4,0.0,0.0,0.0,0.0,0.12522315325602718,0.01488469601677149,0.2296608545698409,0.015439757375241246,0.0,0.0,0.0,0.0
2005-05-07,137.0,-0.029545454545454545,4.919980925828125,-0.6923182658959536,27.9,28.4,29.0,28.0,28.843071278826013,29.01528499775473,28.325,28.9,29.5,30.1,28.6,29.90266247379456,30.222621720565968,29.275,26.1,26.6,27.2,26.2,27.59154088050315,27.82004688439495,26.525,14.366666666666667,14.88,9.725,10.542857142857144,10.716666666666667,11.78,42.96666666666667,58.84000000000001,44.3,33.2,37.01666666666667,42.192,0.0,0.0,0.0,0.0,0.0,0.0,3.6666666666666665,4.0,3.25,3.2857142857142856,2.6666666666666665,3.32,18.0,-0.08663992818031474,-0.8204380683509598,0.8181290322580645,82.96,9.09,102.52,23.76,0.0,0.0,0.0,0.0,0.1334255432072953,0.019056603773584903,0.1964360988695152,0.04367245657568238,0.0,0.0,0.0,0.0
2005-05-14,151.0,0.002272727272727273,5.017279836814924,-0.690121156069364,27.8,28.1,28.4,27.0,28.87973794549267,29.059214001385225,27.825000000000006,29.3,29.7,30.0,28.8,29.82766247379456,30.12459832403511,29.45,25.9,26.0,26.7,25.6,27.694874213836478,27.95510134183747,26.05,15.866666666666665,16.72,18.3,18.085714285714285,20.58333333333333,18.18,57.06666666666666,56.75999999999999,51.35,65.35714285714286,65.81666666666666,60.512,0.0,0.02,0.0,0.0,0.016666666666666666,0.008,3.0,3.8,3.5,3.571428571428572,4.333333333333333,3.72,19.0,0.08836007181968597,-1.2954380683509648,0.826258064516129,90.44,13.86,75.68,32.879999999999995,0.0,0.0,34.65000000000001,0.0,0.14545571513582192,0.029056603773584905,0.1450086223414447,0.060435621725944313,0.0,0.0,0.07875000000000001,0.0
2005-05-21,160.0,0.022727272727272728,5.0751738152338275,-0.6879240462427744,27.1,27.6,28.0,27.1,29.029737945492677,29.23892356169181,27.450000000000006,28.3,28.6,29.0,28.0,29.89266247379456,30.209551934361855,28.475,25.8,26.6,27.1,25.8,27.75654088050315,28.035698356762843,26.325,15.233333333333334,10.86,8.05,14.414285714285715,13.733333333333333,12.62,62.53333333333334,34.0,31.025,51.88571428571429,46.86666666666667,45.044,0.0,0.0,0.0,0.0,0.016666666666666666,0.004,3.6666666666666665,3.0,4.0,5.0,5.333333333333333,4.36,20.0,-0.8866399281803119,-1.0204380683509626,0.8343870967741935,73.78000000000002,19.35,110.88,7.68,0.0,0.0,41.8,0.0,0.11866124129501265,0.04056603773584906,0.2124544931979306,0.014116349600220568,0.0,0.0,0.095,0.0
2005-05-28,163.0,0.029545454545454545,5.093750200806762,-0.6857269364161848,27.8,28.1,28.5,27.0,28.926404612159338,29.11512364236949,27.85,28.6,29.0,29.5,28.1,29.897662473794565,30.21608682746391,28.8,27.3,27.2,27.2,26.3,27.974874213836483,28.321055355552677,27.0,7.3,6.139999999999999,6.075,10.314285714285717,5.283333333333333,7.232000000000002,38.7,22.68,25.75,47.05714285714286,23.01666666666667,32.0,0.0,0.0,0.0,0.0,0.0,0.0,2.6666666666666665,3.2,3.5,3.7142857142857135,3.5,3.4,21.0,-0.5616399281803162,-0.3454380683509619,0.8425161290322579,77.86,13.5,136.62,47.64,27.0,93.0,88.55000000000003,0.0,0.12522315325602715,0.02830188679245283,0.26177428626173593,0.08756548111386822,0.05506158740517171,0.19435736677115986,0.20125,0.0
2005-06-04,139.0,-0.025,4.934473933130692,-0.6835298265895952,28.4,28.5,29.1,27.4,28.681404612159337,28.821598027202093,28.35,29.5,29.6,30.0,28.8,29.53932914046123,29.747752821816484,29.475,26.3,26.7,27.6,25.3,27.749874213836485,28.026985165960106,26.475,7.566666666666667,12.68,7.325,7.771428571428572,3.6666666666666665,7.671999999999998,47.03333333333333,72.98,50.55,48.42857142857143,25.16666666666667,47.928,0.0,0.0,0.0,0.0,0.0,0.0,1.3333333333333333,1.0,1.0,1.1428571428571428,1.0,1.08,22.0,0.2734703497248674,-0.5793535082918062,0.8434666666666666,113.75,13.78,133.20000000000002,71.72,0.0,93.0,0.0,0.0,0.18294546214838284,0.028888888888888888,0.2552213067637478,0.13182611892289312,0.0,0.19435736677115986,0.0,0.0
2005-06-11,212.0,0.1409090909090909,5.356586274672011,-0.6813327167630056,28.3,28.6,29.3,28.1,28.541404612159337,28.653869104249285,28.575000000000006,29.3,29.5,30.2,28.6,29.69932914046123,29.95686940108231,29.4,27.1,27.5,28.3,27.8,27.038207547169808,27.096852047767285,27.675,7.033333333333334,2.8,0.65,2.9285714285714293,4.666666666666667,3.448,27.566666666666666,11.58,4.449999999999998,14.871428571428568,20.133333333333336,15.332,0.0,0.0,0.0,0.0,0.0,0.0,4.0,2.0,1.0,3.8571428571428568,3.8333333333333335,3.04,23.0,0.1984703497248681,0.6206464917081966,0.8390333333333334,91.0,13.26,89.55000000000003,97.24,24.57,0.0,0.0,0.0,0.14635636971870625,0.027798742138364783,0.17158459474995208,0.17873357228195938,0.050106044538706256,0.0,0.0,0.0
2005-06-18,259.0,0.24772727272727274,5.556828061699537,-0.6791356069364161,28.0,28.3,28.6,27.6,29.214737945492672,29.46056535273657,28.125,29.2,29.2,29.2,28.5,29.970995807127892,30.31193192629409,29.025,26.5,26.8,27.4,25.9,27.803207547169816,28.09669069238205,26.65,1.7000000000000002,3.38,3.05,6.2142857142857135,5.15,4.343999999999999,6.766666666666667,13.68,15.9,25.2,22.25,18.488,0.0,0.0,0.0,0.0,0.0,0.0,1.3333333333333333,1.0,1.5,2.142857142857143,1.8333333333333333,1.64,24.0,-0.1765296502751319,-0.4043535082918055,0.8345999999999999,65.8,8.71,113.4,26.84,51.03,0.0,64.74000000000001,0.0,0.10582691348891067,0.018259958071278826,0.21728300440697448,0.04933370094660418,0.10406640019577454,0.0,0.14713636363636365,0.0
2005-06-25,318.0,0.3818181818181817,5.762051382780178,-0.6769384971098263,28.2,28.4,28.6,27.7,29.448071278826003,29.740113557657914,28.225,29.3,29.4,29.6,29.0,30.27266247379456,30.706203810118197,29.325000000000006,26.7,27.1,27.1,26.3,28.25820754716981,28.691365964669252,26.8,4.766666666666667,6.7799999999999985,4.925000000000002,5.371428571428572,8.233333333333334,6.1960000000000015,12.6,26.24,16.025,19.300000000000004,31.4,22.264,0.13333333333333333,0.0,0.0,0.014285714285714287,0.0,0.02,6.0,3.2,3.0,3.8571428571428568,2.833333333333333,3.6,25.0,0.12347034972487235,-0.25435350829180337,0.8301666666666666,85.07,17.16,99.45,102.70000000000002,0.0,87.42,0.0,0.0,0.1368190810106631,0.035974842767295595,0.19055374592833876,0.18876941457586624,0.0,0.1826959247648903,0.0,0.0
2005-07-02,389.0,0.5431818181818182,5.963579343618447,-0.6747412716763008,27.7,28.2,28.4,27.6,28.869737945492673,29.04723336403145,27.975,28.8,29.3,29.3,28.7,29.81599580712789,30.109350240130304,29.025,26.9,27.5,27.2,26.7,27.40487421383649,27.57607754191816,27.075,1.3666666666666665,0.94,1.525,0.5999999999999999,0.7333333333333334,0.94,8.833333333333334,5.08,7.05,3.271428571428572,3.5666666666666664,4.976,0.0,0.0,0.0,0.0,0.0,0.0,2.333333333333333,1.6,2.5,2.2857142857142856,2.333333333333333,2.2,26.0,0.1580764498551872,0.2267895472045893,0.8278387096774193,66.99000000000001,34.0,205.38,43.18000000000001,0.0,0.0,14.74,0.0,0.10774080447753996,0.07127882599580712,0.39352366353707596,0.07936770517415681,0.0,0.0,0.0335,0.0
2005-07-09,361.0,0.4795454545454546,5.8888779583328805,-0.6725441618497112,27.9,28.4,28.6,27.7,28.448071278826003,28.54204982228075,28.15,28.7,29.4,29.3,28.5,29.2409958071279,29.35783753339373,28.975,27.0,27.3,27.9,26.8,27.45987421383648,27.647961366040782,27.25,1.0666666666666669,0.7,0.4,1.8142857142857145,1.2166666666666666,1.132,7.066666666666666,4.6800000000000015,2.525,12.5,8.516666666666667,7.731999999999998,0.0,0.0,0.0,0.0,0.0,0.0,1.6666666666666667,1.0,1.75,1.1428571428571428,1.0,1.24,27.0,0.10807644985518294,0.4017895472045865,0.8307741935483871,97.02,33.6,219.87,45.22,0.0,0.0,0.0,0.0,0.156038406484713,0.07044025157232704,0.4212876029890783,0.08311736053671538,0.0,0.0,0.0,0.0
2005-07-16,362.0,0.4818181818181818,5.891644211825772,-0.6703470520231216,26.5,26.9,27.6,27.35,28.099737945492674,28.124724287791036,27.0,27.6,27.9,28.5,28.325,29.064329140461226,29.126937977121035,28.0,25.7,26.1,26.2,26.3,26.781540880503147,26.76139420186168,26.0,16.666666666666668,10.34,7.050000000000002,11.442857142857141,13.666666666666664,11.68,52.6,26.72000000000001,20.1,28.54285714285714,36.18333333333333,31.54800000000001,0.3333333333333333,0.0,0.0,0.028571428571428574,0.05,0.06,5.666666666666668,3.0,3.0,3.571428571428572,3.5,3.6,28.0,-0.8669235501448149,-0.84821045279541,0.8337096774193549,101.97,22.4,245.7,34.0,0.0,0.0,15.18,0.0,0.16399954967270855,0.04696016771488469,0.47077984288177793,0.06249425604264314,0.0,0.0,0.0345,0.0
2005-07-23,408.0,0.5863636363636363,6.0112671744041615,-0.668149942196532,26.5,27.1,27.6,27.0,28.179737945492672,28.220569386621214,27.066666666666666,27.6,28.2,28.7,28.15,29.070995807127897,29.135651167923783,28.16666666666667,25.1,25.6,26.4,25.8,27.188207547169814,27.29289884082901,25.7,13.533333333333333,8.5,4.175,10.085714285714284,10.8,9.408,42.93333333333333,39.84,18.625,57.2,53.45,44.944,0.0,0.0,0.0,0.0,0.0,0.0,3.0,2.4,2.5,2.142857142857143,2.0,2.32,29.0,-0.7002568834781471,-1.148210452795411,0.8366451612903226,131.67000000000002,55.0,171.36,0.0,0.0,50.0,28.6,0.0,0.21176640880068195,0.11530398322851153,0.32833876221498365,0.0,0.0,0.1044932079414838,0.065,0.0
2005-07-30,353.0,0.4613636363636364,5.8664680569332965,-0.6659528323699424,26.9,27.3,27.9,26.65,28.759737945492674,28.915446353139966,27.366666666666664,28.4,28.8,29.3,27.975,29.48432914046123,29.675868997693843,28.83333333333333,25.4,25.8,26.2,25.3,27.581540880503148,27.806977098190853,25.8,10.766666666666666,13.0,10.775,13.914285714285713,18.233333333333334,13.888,49.23333333333333,48.76000000000001,38.8,52.714285714285715,92.98333333333336,58.94399999999999,0.0,0.0,0.0,0.0,0.0,0.0,3.0,3.2,3.0,3.0,3.0,3.04,30.0,-0.033590216811482776,-1.0482104527954093,0.8395806451612903,94.07,27.06,154.35,19.11,26.0,34.56,22.0,0.0,0.1512938868070187,0.05672955974842767,0.2957463115539375,0.03512544802867384,0.05302226935312832,0.07222570532915361,0.05,0.0
2005-08-06,338.0,0.4272727272727273,5.823045895483018,-0.6637557225433528,27.1,27.5,28.0,26.3,28.226404612159328,28.276479027605475,27.225,28.3,28.8,29.1,27.8,29.17766247379456,29.275062220767666,28.5,24.8,25.4,26.5,24.8,26.77487421383649,26.752681011058947,25.375,9.166666666666666,6.4,5.15,6.8,6.366666666666667,6.635999999999999,44.56666666666666,24.380000000000006,18.35,32.728571428571435,35.2,30.772,0.0,0.0,0.0,0.0,0.0,0.0,3.0,3.2,3.0,3.0,3.0,3.04,31.0,-0.25065835754157817,-1.4406585118098292,0.8378709677419355,115.81,49.94000000000001,101.25,9.24,0.0,29.28,0.0,0.0,0.18625858436399312,0.10469601677148847,0.19400268250622724,0.016983733112765374,0.0,0.06119122257053291,0.0,0.0
2005-08-13,307.0,0.3568181818181818,5.726847747587197,-0.6615586127167632,28.0,28.5,28.7,27.9,28.253071278826003,28.308427393882198,28.275,28.7,29.3,29.3,28.6,28.95766247379456,28.987526924277137,28.975,26.9,27.3,27.2,26.9,27.10820754716982,27.188340551196088,27.075000000000006,1.4666666666666668,5.42,5.175000000000002,1.3714285714285714,5.1,3.696,6.933333333333334,29.320000000000004,32.675,7.1,23.55,19.564000000000004,0.0,0.0,0.0,0.0,0.0,0.0,2.0,2.2,2.0,1.4285714285714286,2.333333333333333,1.96,32.0,0.22434164245842325,0.2593414881901737,0.8353870967741936,71.41,43.56,105.3,34.44,66.24,48.0,0.0,0.0,0.11484954243530565,0.09132075471698113,0.20176278980647636,0.06330300523848911,0.13508442776735458,0.10031347962382443,0.0,0.0
2005-08-20,414.0,0.6,6.025865973825314,-0.6593615028901736,27.0,27.8,28.4,27.1,27.833071278826004,27.80524062502379,27.575,27.9,28.6,29.2,28.3,28.68432914046123,28.630286101364693,28.5,25.0,25.7,26.2,25.3,26.41487421383648,26.28216870771081,25.55,7.8,2.98,1.675,5.6571428571428575,3.233333333333333,4.16,22.6,13.0,7.699999999999998,21.228571428571428,12.033333333333335,15.376000000000005,0.03333333333333333,0.0,0.0,0.0,0.0,0.004,4.333333333333333,1.0,1.5,2.0,1.5,1.88,33.0,-0.25065835754157817,-1.2656585118098285,0.8329032258064517,102.49,50.6,137.25,42.0,96.0,29.28,0.0,0.0,0.1648358717853869,0.1060796645702306,0.2629814140639969,0.07719878687620624,0.19577453299616607,0.06119122257053291,0.0,0.0
2005-08-27,493.0,0.7795454545454545,6.200509174042691,-0.657164393063584,26.8,27.4,27.5,27.8,28.419737945492678,28.508104683111736,27.375,27.5,28.1,28.3,27.9,29.09099580712789,29.161790740332002,27.950000000000006,25.1,25.7,26.4,27.6,27.434874213836483,27.615286900530496,26.2,5.0,1.78,1.2999999999999998,8.071428571428571,5.183333333333334,4.668,23.23333333333333,9.12,5.9,43.25714285714286,25.96666666666667,23.90000000000001,0.0,0.0,0.0,0.0,0.0,0.0,1.0,1.2,1.5,1.1428571428571428,1.1666666666666667,1.2,34.0,-0.8006583575415753,-0.6156585118098334,0.8304193548387098,77.25999999999998,103.64,205.9,24.82,63.36,77.75999999999998,0.0,0.0,0.12425816620293675,0.21727463312368966,0.3945200229929105,0.0456208069111295,0.12921119177746962,0.1625078369905956,0.0,0.0
2005-09-03,546.0,0.9,6.302618975744905,-0.6549672832369944,27.8,28.1,28.4,27.9,27.959737945492673,27.956995364838228,28.050000000000004,29.0,29.4,29.6,29.0,28.95766247379456,28.987526924277148,29.25,26.5,26.7,27.2,26.9,27.014874213836485,27.06635587995769,26.825000000000006,5.633333333333333,4.0200000000000005,4.55,2.3,1.3,3.164,16.900000000000002,16.7,17.175,9.285714285714286,5.966666666666666,12.147999999999998,0.0,0.0,0.0,0.0,0.0,0.0,2.6666666666666665,2.8,3.25,2.0,1.8333333333333333,2.4,35.0,0.4801195630500672,0.33221449781769863,0.8303,114.39,306.0,362.0,22.44,0.0,0.0,0.0,0.0,0.18397478167167924,0.6415094339622641,0.6936194673309062,0.04124620898814448,0.0,0.0,0.0,0.0
2005-09-10,690.0,1.2272727272727273,6.536691597591305,-0.6527701734104049,28.2,28.2,28.5,28.2,27.853071278826004,27.829201899731334,28.275,29.4,29.3,29.5,29.5,28.90432914046123,28.91782139785521,29.425,26.2,26.4,26.8,26.1,26.55487421383648,26.465145714568425,26.375,10.633333333333336,12.18,8.475000000000001,7.77142857142857,6.8,8.9625,55.86666666666667,42.89999999999999,28.125,36.68571428571429,25.84,36.691666666666656,0.0,0.0,0.0,0.0,0.0,0.0,1.6666666666666667,2.0,2.0,1.8571428571428568,2.0,1.9166666666666667,36.0,0.6551195630500679,-0.1177855021823042,0.8333333333333335,160.26999999999995,444.0,445.0,34.0,0.0,133.4,145.75,0.0,0.2577641249979896,0.9308176100628932,0.8526537650890974,0.06249425604264314,0.0,0.2787878787878788,0.33125,0.0
2005-09-17,697.0,1.2431818181818182,6.546785410760523,-0.6505729479768781,27.8,27.8,28.3,28.1,28.19307127882601,28.236543569759576,28.0,28.5,28.6,28.9,28.8,29.084329140461225,29.15307754952926,28.7,27.2,27.2,27.4,27.3,26.921540880503148,26.944371208719286,27.275,10.766666666666666,8.84,9.3,6.542857142857144,13.14,9.383333333333333,31.0,35.17999999999999,34.975,24.514285714285712,49.58,34.5125,0.0,0.02,0.0,0.0,0.0,0.0041666666666666675,3.0,3.8,3.0,2.7142857142857144,3.0,3.083333333333333,37.0,-0.06988043694993351,0.7822144978176944,0.8363666666666667,140.74,369.0,416.0,0.0,0.0,41.4,95.4,0.0,0.2263537964198981,0.7735849056603774,0.7970875646675607,0.0,0.0,0.08652037617554859,0.21681818181818185,0.0
2005-09-24,714.0,1.2818181818181815,6.570882962339583,-0.6483758381502885,26.6,27.0,27.6,26.2,28.319737945492673,28.38829830957401,26.85,28.0,28.6,28.9,26.9,29.28432914046123,29.41447327361156,28.1,25.3,25.7,26.4,25.1,26.934874213836483,26.961797590324768,25.625,7.333333333333332,6.3,3.675,8.314285714285715,5.266666666666667,6.32,22.5,24.380000000000006,15.525,26.114285714285714,24.16666666666667,23.172,0.0,0.0,0.0,0.0,0.0,0.0,5.0,3.4,3.25,4.428571428571429,2.833333333333333,3.72,38.0,-0.6698804369499314,-0.8677855021823042,0.8393999999999999,99.82,477.0,412.0,45.90000000000001,0.0,0.0,94.87,0.0,0.16054167939913472,1.0,0.7894232611611418,0.08436724565756826,0.0,0.0,0.2156136363636364,0.0
2005-10-01,541.0,0.8886363636363637,6.293419278846482,-0.6461787283236989,27.4,28.0,28.4,27.4,28.373071278826014,28.45219504212747,27.8,29.4,29.3,29.4,28.6,29.27766247379456,29.405760082808808,29.175,26.1,26.8,27.8,26.4,26.888207547169813,26.90080525470557,26.775,16.2,3.26,1.025,4.257142857142857,2.066666666666667,4.447999999999999,66.39999999999999,14.72,5.775,16.328571428571426,9.249999999999998,18.628,0.0,0.0,0.0,0.0,0.0,0.0,3.6666666666666665,2.2,2.25,2.8571428571428568,2.0,2.52,39.0,0.3923107217276858,0.0006102420803166808,0.8423225806451613,136.95,239.54,222.72,82.99,16.79,0.0,0.0,0.0,0.2202582948678772,0.5021802935010482,0.4267484192374016,0.15254112673467513,0.034240150093808625,0.0,0.0,0.0
2005-10-08,472.0,0.7318181818181818,6.156978985585555,-0.6439816184971094,27.1,27.6,27.7,27.2,28.36640461215934,28.44420795055828,27.4,28.0,28.4,28.7,28.0,29.424329140461225,29.597450280469154,28.275,26.3,26.8,26.8,26.7,27.081540880503148,27.15348778798512,26.65,9.466666666666667,12.44,15.25,17.185714285714287,18.983333333333334,15.432,36.86666666666667,55.56,69.475,72.32857142857142,58.93333333333334,61.04800000000001,0.0,0.0,0.0,0.0,0.03333333333333333,0.008,3.0,2.8,3.0,3.0,3.8333333333333335,3.16,40.0,-0.5076892782723128,-0.12438975791967975,0.8445806451612904,127.38,100.92,161.23999999999995,53.32,0.0,0.0,118.07999999999998,0.0,0.2048667513710858,0.21157232704402512,0.30894807434374394,0.098005698005698,0.0,0.0,0.2683636363636363,0.0
2005-10-15,387.0,0.5386363636363637,5.958424693029783,-0.6417845086705198,27.6,27.9,28.4,27.5,28.519737945492672,28.627911056649452,27.85,28.8,28.8,29.2,28.9,29.53099580712789,29.736861333313044,28.925,26.0,26.2,27.7,25.6,27.05487421383648,27.118635024774147,26.375,6.7,5.1,1.7,2.4285714285714284,3.46,3.6125,27.3,29.68,9.6,8.571428571428571,13.46,16.500000000000004,0.0,0.0,0.0,0.0,0.0,0.0,3.333333333333333,3.6,2.75,2.8571428571428568,3.2,3.125,41.0,0.14231072172768575,-0.3993897579196819,0.8468387096774194,90.75,190.24,210.54,52.46,54.51000000000001,64.00999999999999,101.28,0.0,0.14595429177991862,0.3988259958071279,0.40341061506035625,0.09642496094109,0.11116322701688557,0.13377220480668756,0.23018181818181815,0.0
2005-10-22,358.0,0.4727272727272727,5.880532986400699,-0.6395873988439302,26.4,26.6,26.9,26.5,28.239737945492674,28.292453210743844,26.6,27.8,28.0,28.3,27.5,29.28432914046123,29.41447327361156,27.9,25.2,25.5,26.0,25.4,27.20154088050316,27.310325222434496,25.525,23.566666666666666,17.28,17.1,13.757142857142856,11.466666666666667,15.623999999999995,149.86666666666667,96.12,82.55,79.35714285714286,45.38333333333333,83.52799999999999,0.0,0.08,0.17500000000000002,0.0,0.03333333333333333,0.052000000000000005,5.0,5.2,6.25,4.714285714285714,5.0,5.16,42.0,-0.8826892782723128,-1.249389757919683,0.8490967741935483,163.35,143.83999999999997,159.5,0.0,16.79,29.23,32.64,0.0,0.2627177252038535,0.3015513626834381,0.30561410231845176,0.0,0.034240150093808625,0.061086729362591435,0.07418181818181817,0.0
2005-10-29,331.0,0.4113636363636364,5.802118375377063,-0.6373902890173406,26.8,27.1,27.0,26.7,28.019737945492672,28.02887918896086,26.9,27.9,28.3,27.9,27.6,29.090995807127896,29.161790740332012,27.925,25.8,26.1,26.1,25.7,26.44820754716982,26.32573466172453,25.925,6.533333333333334,14.4,18.875,9.328571428571431,8.500000000000002,11.336000000000002,25.53333333333333,53.71999999999999,76.675,43.17142857142858,35.06666666666666,46.57999999999999,0.0,0.0,0.0,0.0,0.0,0.0,5.333333333333333,5.0,5.25,4.142857142857143,3.333333333333333,4.44,43.0,-0.8576892782723142,-0.8493897579196812,0.8513548387096774,84.03,152.08999999999997,145.48999999999995,43.0,0.0,0.0,33.6,0.0,0.13514643678530647,0.31884696016771485,0.2787698792872197,0.07903685323040162,0.0,0.0,0.07636363636363637,0.0
2005-11-05,222.0,0.16363636363636366,5.402677381872278,-0.6351931791907509,27.8,27.9,27.9,27.0,27.89751572327045,27.88244917685921,27.65,28.9,29.1,29.5,28.2,29.016551362683447,29.06449344303472,28.925,26.2,26.5,26.4,25.7,26.99820754716982,27.044572902950836,26.2,5.5,6.34,7.35,7.2857142857142865,10.383333333333333,7.635999999999999,16.03333333333333,21.76,28.9,21.3,34.23333333333333,25.08000000000001,0.0,0.0,0.0,0.042857142857142864,0.5333333333333333,0.14,6.0,5.8,5.75,6.142857142857142,6.333333333333332,6.04,44.0,0.7131496944495126,-0.046374420769350166,0.8540000000000001,126.84,71.55000000000003,97.02,74.75999999999998,0.0,0.0,32.64,0.0,0.20399826302330445,0.15000000000000002,0.1858976815481893,0.1374138406396471,0.0,0.0,0.07418181818181817,0.0
2005-11-12,175.0,0.05681818181818181,5.1647859739235145,-0.6329960693641614,27.4,27.8,27.8,26.8,27.740849056603786,27.694752524983453,27.45,28.3,28.6,28.8,27.5,28.897662473794565,28.909108207052466,28.3,26.1,26.6,26.5,26.4,26.57154088050315,26.48692869157527,26.4,7.2,3.76,7.699999999999998,2.771428571428572,5.116666666666666,4.852,29.066666666666666,13.22,26.5,15.842857142857143,24.08333333333333,20.587999999999994,0.0,0.0,0.0,0.0,0.0,0.0,3.333333333333333,3.2,4.25,3.4285714285714284,3.5,3.52,45.0,0.0881496944495126,0.15362557923064912,0.8568000000000001,110.04,34.290000000000006,87.22,19.74,24.0,0.0,0.0,0.0,0.17697862553677407,0.0718867924528302,0.16712013795746308,0.036283429831816934,0.04894363324904152,0.0,0.0,0.0
2005-11-19,140.0,-0.022727272727272728,4.941642422609304,-0.6307989595375718,27.2,27.7,27.7,27.2,27.335293501048216,27.208871121191603,27.45,28.5,29.0,28.7,28.0,28.34766247379456,28.190269965826158,28.55,26.6,27.0,26.5,26.5,26.291540880503145,26.120974677860065,26.65,11.0,17.44,12.375000000000002,8.171428571428573,8.666666666666666,11.155999999999999,68.89999999999999,98.5,72.85,53.871428571428574,40.45,64.416,0.0,0.0,0.0,0.0,0.03333333333333333,0.008,3.333333333333333,3.8,3.75,3.4285714285714284,5.166666666666667,3.96,46.0,0.3381496944495126,0.4036255792306491,0.8596,136.07999999999998,58.05000000000001,37.24,41.58,0.0,47.6,81.12,0.0,0.21885906364089613,0.1216981132075472,0.07135466564475952,0.07642679900744417,0.0,0.09947753396029256,0.1843636363636364,0.0
2005-11-26,145.0,-0.011363636363636364,4.976733742420574,-0.6286017341040463,25.6,26.0,26.1,25.5,27.563071278826005,27.481763416471964,25.8,27.6,27.9,28.0,27.3,28.46877358490568,28.34855959874267,27.7,23.8,24.2,24.3,24.2,26.41042976939204,26.27635991384233,24.125,8.566666666666666,11.36,9.425,10.214285714285714,10.866666666666667,10.276000000000002,36.46666666666667,42.46,40.975,51.88571428571429,46.81666666666666,45.188,0.2,0.2,0.3,0.17142857142857146,0.25,0.22,7.0,6.0,6.0,5.857142857142858,5.5,5.96,47.0,-0.5118503055504888,-2.121374420769349,0.8624,121.45,63.81,86.92,40.31999999999999,0.0,59.5,30.21,0.0,0.1953294626630426,0.13377358490566038,0.16654531519448168,0.07411083540115798,0.0,0.12434691745036572,0.0686590909090909,0.0
2005-12-03,124.0,-0.05909090909090909,4.820281565605037,-0.6264046242774567,26.5,27.1,27.3,26.2,27.40196016771489,27.288742036883416,26.775,27.1,27.7,28.1,26.7,28.415440251572328,28.27885407232071,27.4,25.7,26.0,26.1,25.3,26.533763102725377,26.437553943693075,25.775,4.7,3.18,3.175,6.142857142857142,8.549999999999999,5.48,16.966666666666665,16.4,16.425,34.77142857142857,46.06666666666667,28.736,0.0,0.0,0.0,0.0,0.0,0.0,2.0,2.2,3.0,3.4285714285714284,2.6666666666666665,2.76,48.0,-0.4156160231886865,-0.022134404678009645,0.8632258064516128,101.01,16.32,71.92,18.6,0.0,45.31,95.93,0.0,0.16245557038776395,0.034213836477987425,0.13780417704541098,0.034188034188034185,0.0,0.09469174503657264,0.21802272727272728,0.0
2005-12-10,88.0,-0.1409090909090909,4.477336814478207,-0.6242075144508671,27.3,27.5,27.4,27.0,27.346404612159336,27.222182940473576,27.3,28.1,28.4,28.3,28.2,28.37766247379456,28.22947932443851,28.25,26.5,26.7,26.8,26.1,26.33376310272537,26.17615821961078,26.525,7.433333333333334,11.74,10.325,9.0,13.449999999999998,10.64,27.73333333333333,66.02000000000001,45.5,51.814285714285724,60.83333333333334,52.92,0.0,0.0,0.0,0.0,0.0,0.0,4.0,2.0,2.5,3.4285714285714284,2.6666666666666665,2.88,49.0,0.43438397681131136,0.7278655953219868,0.8614193548387097,134.68,16.56,83.52,51.15,0.0,21.85,0.0,0.0,0.2166074271836853,0.03471698113207547,0.16003065721402565,0.09401709401709403,0.0,0.04566353187042842,0.0,0.0
2005-12-17,116.0,-0.07727272727272727,4.7535901911063645,-0.6220104046242775,27.8,28.1,27.9,27.2,27.29751572327045,27.16361093563291,27.750000000000004,28.8,29.2,29.3,28.3,28.13877358490567,27.917256654006877,28.9,26.2,26.3,26.3,25.9,26.08709643605871,25.853770159909292,26.175,2.0666666666666664,1.7,2.125,1.8571428571428572,2.2333333333333334,1.9839999999999995,10.966666666666667,7.040000000000001,10.4,7.085714285714286,9.016666666666667,8.536,0.0,0.0,0.0,0.0,0.0,0.0,2.333333333333333,2.8,2.25,3.1428571428571432,3.0,2.8,50.0,1.0843839768113102,0.3778655953219854,0.8596129032258064,126.91,15.6,39.44,43.09,48.0,0.0,47.7,0.0,0.20411084484616498,0.03270440251572327,0.07557003257328987,0.07920227920227922,0.09788726649808303,0.0,0.10840909090909093,0.0
2005-12-24,85.0,-0.14772727272727273,4.442651256490317,-0.6198132947976879,26.5,26.6,26.7,25.9,26.86418238993712,26.644449983636147,26.425,27.1,27.5,27.5,27.1,27.963218029350124,27.68780929620132,27.3,25.6,25.5,25.8,25.1,25.5459853249476,25.146549506419984,25.5,9.466666666666667,13.34,8.625,14.642857142857142,10.55,11.816,41.96666666666667,55.48,28.075000000000006,80.28571428571429,49.78333333333333,55.05200000000002,0.0,0.0,0.0,0.028571428571428574,0.03333333333333333,0.016,3.6666666666666665,4.6,5.0,3.571428571428572,4.333333333333333,4.2,51.0,-0.5156160231886915,-0.2971344046780118,0.8578064516129033,77.32999999999998,12.48,38.86,21.39,0.0,22.77,91.69,0.0,0.1243707480257973,0.026163522012578617,0.07445870856485916,0.039316239316239315,0.0,0.04758620689655172,0.2083863636363636,0.0
2005-12-31,84.0,-0.15,4.430816798843313,-0.6176161849710983,26.7,27.0,26.9,26.1,26.719737945492675,26.471396332970553,26.675,27.2,27.7,27.4,26.5,27.512106918239013,27.09821671854905,27.2,26.2,26.6,26.4,25.5,25.688207547169814,25.33243091021183,26.175,6.033333333333334,6.44,3.0,13.742857142857144,11.52,9.004166666666666,29.6,22.94,9.8,70.97142857142858,55.98,42.475,0.0,0.0,0.0,0.0,0.0,0.0,3.0,1.4,2.0,3.2857142857142856,4.4,2.875,52.0,-0.6156160231886894,0.3778655953219854,0.856,85.85,9.66,113.39999999999998,0.0,30.6,61.56,72.49000000000002,0.0,0.1380735641796806,0.020251572327044026,0.21728300440697446,0.0,0.06240313239252794,0.12865203761755487,0.16475,0.0
2006-01-07,83.0,-0.15227272727272728,4.418840607796597,-0.6146097109826594,25.9,26.2,26.1,25.3,26.84038380906305,26.71058569780056,25.875,27.6,27.5,27.1,26.9,27.52984921786809,27.411797956243195,27.275,25.5,25.7,25.5,24.6,25.937447992259315,25.707708774021093,25.325000000000006,20.233333333333334,13.46,18.15,28.342857142857145,14.95,19.548,59.86666666666667,55.54,65.14999999999999,74.6857142857143,47.95,61.136,0.1,0.14,0.775,1.0,1.5,0.8039999999999999,5.0,4.6,5.5,5.285714285714286,7.0,5.56,1.0,-0.3120841648851247,-0.41054700003958894,0.8609677419354839,79.46,10.26,60.55,22.04,34.68,0.0,25.16,0.0,0.12779645206426812,0.02150943396226415,0.11601839432841538,0.040510982446466316,0.070723550044865,0.0,0.057181818181818174,0.0
2006-01-14,62.0,-0.2,4.127134385045092,-0.6116032369942195,25.3,25.5,25.4,24.4,26.542050475729713,26.369409820430654,25.15,27.2,27.4,27.2,26.3,27.714849217868096,27.618327806989466,27.025,23.5,23.6,23.4,23.0,25.44578132559264,25.03833604308119,23.375,38.63333333333333,33.959999999999994,36.52500000000001,30.557142857142853,34.53333333333333,34.11599999999999,109.26666666666668,98.58,103.35,109.48571428571428,115.53333333333332,107.74799999999999,0.0,0.0,0.0,0.12857142857142856,0.08333333333333333,0.056,5.0,5.0,5.0,5.857142857142858,6.0,5.48,2.0,-0.5620841648851247,-2.360547000039592,0.8659354838709677,75.69,15.659999999999998,136.5,42.56,40.8,0.0,58.46,0.0,0.12173311674735032,0.03283018867924528,0.2615443571565433,0.07822810403455566,0.08320417652337057,0.0,0.13286363636363635,0.0
2006-01-21,46.0,-0.2363636363636364,3.828641396489095,-0.6085967630057806,26.7,26.9,26.9,26.2,26.69205047572971,26.54095076435966,26.675,27.2,27.2,27.2,26.9,27.33484921786809,27.194104329780913,27.125,25.9,26.7,26.6,25.0,25.367447992259308,24.93169021815179,26.05,5.666666666666668,5.8,6.550000000000002,6.2142857142857135,6.75,6.248000000000001,25.899999999999995,21.12,21.975,19.142857142857142,19.733333333333334,20.944000000000006,0.0,0.0,0.025,0.0,0.0,0.004,4.0,4.6,4.0,2.8571428571428568,3.8333333333333335,3.76,3.0,-0.4620841648851233,0.3144529999604053,0.8709032258064516,63.51,7.56,93.45,22.04,85.68,0.0,0.0,0.0,0.10214387956961578,0.015849056603773583,0.17905729066871046,0.040510982446466316,0.17472877069907825,0.0,0.0,0.0
2006-01-28,72.0,-0.17727272727272728,4.276666119016055,-0.6055902890173406,27.0,27.1,27.0,26.4,26.44871714239638,26.262673233097054,26.875,27.5,27.4,27.2,27.1,27.174849217868093,27.015483918324684,27.3,26.6,26.7,26.8,25.7,25.309114658925967,24.852273114480948,26.45,2.7,2.3,2.275,1.4857142857142858,1.8,1.996,18.03333333333333,16.020000000000003,15.7,8.828571428571431,12.483333333333334,13.348,0.0,0.0,0.0,0.0,0.0,0.0,0.6666666666666666,0.8,1.0,1.0,1.0,0.92,4.0,-0.2870841648851261,0.7144529999604075,0.8758709677419354,119.84,12.48,95.75,59.6,91.8,0.0,37.0,0.0,0.1927400807372501,0.026163522012578617,0.18346426518490128,0.10954875471004503,0.1872093971775838,0.0,0.08409090909090909,0.0
2006-02-04,41.0,-0.24772727272727274,3.7135720667043084,-0.6025838150289017,27.2,27.3,27.4,26.9,26.572050475729714,26.403718009216462,27.200000000000006,27.8,27.8,28.0,27.1,27.263182551201425,27.1140972704828,27.675,26.1,26.3,26.5,26.6,25.639114658925976,25.301547015247394,26.375,0.6333333333333333,0.64,0.9000000000000001,0.8428571428571427,0.3666666666666667,0.6719999999999999,3.1,4.0,6.15,3.3714285714285714,1.6666666666666667,3.5,0.0,0.0,0.0,0.0,0.0,0.0,1.3333333333333333,1.0,1.0,1.5714285714285714,1.0,1.2,5.0,-0.08615947288005542,0.030862501061029942,0.8725714285714286,123.76,5.6000000000000005,63.3,77.4,0.0,0.0,0.0,0.0,0.19904466281744052,0.011740041928721174,0.12128760298907836,0.14226633581472292,0.0,0.0,0.0,0.0
2006-02-11,75.0,-0.17045454545454544,4.31748811353631,-0.5995773410404629,26.5,26.9,26.8,26.1,26.882050475729717,26.758235960003066,26.575000000000006,27.5,27.8,27.6,27.1,27.25984921786809,27.1103760119108,27.5,25.1,25.7,25.6,24.8,26.392447992259317,26.327162182653602,25.3,8.466666666666667,8.239999999999998,13.3,7.1571428571428575,7.616666666666667,8.623999999999999,27.3,25.42,48.75,28.74285714285714,24.33333333333333,30.048000000000005,0.0,0.0,0.0,0.0,0.0,0.0,2.333333333333333,1.6,2.0,2.142857142857143,2.0,2.0,6.0,-0.2611594728800526,-1.0441374989389691,0.8630714285714285,105.06,5.84,92.7,20.7,69.72,19.74,0.0,51.0,0.168969232996124,0.012243186582809224,0.17762023376125688,0.038047973531844505,0.14218125458846562,0.0412539184952978,0.0,0.1984126984126984
2006-02-18,55.0,-0.2159090909090909,4.007333185232471,-0.5965708670520229,27.6,27.6,27.8,27.0,27.03538380906304,26.93358892490826,27.5,28.2,28.0,28.1,27.8,27.691515884534763,27.59227899698543,28.025,27.3,27.3,27.3,26.3,26.177447992259307,26.034453429123946,27.05,5.0,1.46,0.95,9.171428571428573,5.933333333333334,5.0360000000000005,33.266666666666666,7.080000000000001,6.65,45.74285714285714,24.4,25.136,0.0,0.0,0.0,0.0,0.0,0.0,2.0,2.2,0.75,3.4285714285714284,2.1666666666666665,2.28,7.0,0.26384052711994954,0.7058625010610307,0.8535714285714286,155.38,11.36,60.0,19.2,26.04,21.0,69.65,0.0,0.2498994805153031,0.023815513626834383,0.1149645525962828,0.03529087400055142,0.05310384207521005,0.0438871473354232,0.15829545454545454,0.0
2006-02-25,75.0,-0.17045454545454544,4.31748811353631,-0.593564393063584,27.5,27.8,27.9,27.0,27.33205047572972,27.272858791790075,27.55,27.9,28.3,28.2,27.3,28.08151588453476,28.027666249909988,27.925,27.0,27.4,27.3,26.7,26.447447992259317,26.402041166114675,27.1,0.13333333333333333,0.26,0.6,0.3,0.9166666666666666,0.4679999999999998,0.6333333333333333,1.5399999999999998,3.2750000000000004,1.6285714285714286,4.166666666666667,2.364,0.0,0.0,0.0,0.0,0.0,0.0,2.0,1.8,1.5,1.8571428571428568,2.833333333333333,2.04,8.0,0.16384052711994812,0.7558625010610314,0.8440714285714286,98.84,29.53,115.7,18.9,0.0,0.0,0.0,0.0,0.1589655338790871,0.0619077568134172,0.2216899789231653,0.034739454094292806,0.0,0.0,0.0,0.0
2006-03-04,60.0,-0.20454545454545456,4.0943445622220995,-0.5905579190751441,28.1,28.2,28.3,27.7,27.485383809063052,27.448211756695287,28.075,28.4,28.6,28.5,28.3,28.013182551201425,27.951380449183887,28.45,27.5,27.7,27.7,26.7,26.640781325592645,26.665252138280863,27.4,0.0,0.7,0.3750000000000001,2.542857142857143,0.2833333333333333,0.98,0.03333333333333333,4.94,2.525,17.7,1.9166666666666667,6.8119999999999985,0.0,0.0,0.0,0.0,0.0,0.0,0.3333333333333333,1.2,0.75,1.2857142857142858,0.8333333333333334,0.96,9.0,0.060925094074207216,0.7148460824425626,0.8365161290322581,85.25999999999998,15.84,71.04999999999998,30.78,25.56,57.9,52.7,0.0,0.13712466024414172,0.03320754716981132,0.13613719103276484,0.056575682382134,0.05212496941022921,0.12100313479623825,0.11977272727272728,0.0
2006-03-11,60.0,-0.20454545454545456,4.0943445622220995,-0.5875513294797692,27.7,28.2,28.5,27.4,27.478717142396377,27.440587714742875,27.950000000000006,28.2,28.6,28.9,28.2,28.129849217868088,28.081624499204054,28.475,27.4,27.8,28.2,26.4,26.495781325592645,26.467843909156212,27.450000000000006,7.599999999999999,3.16,2.1,5.128571428571427,0.6833333333333332,3.48,32.9,18.7,11.675,30.857142857142854,4.283333333333333,19.224,0.0,0.0,0.0,0.0,0.0,0.0,2.0,1.4,1.0,1.5714285714285714,1.1666666666666667,1.4,10.0,0.08592509407420579,0.7648460824425634,0.8304193548387098,126.44,20.68,102.89999999999998,12.42,36.0,0.0,42.78,0.0,0.20335493832124416,0.04335429769392034,0.19716420770262494,0.0228287841191067,0.07341544987356227,0.0,0.09722727272727273,0.0
2006-03-18,37.0,-0.25681818181818183,3.610917912644224,-0.5845448554913293,28.2,28.5,28.6,28.1,27.298717142396388,27.23473858202808,28.35,28.5,29.0,29.1,28.6,28.256515884534764,28.223032324940252,28.8,28.0,28.2,28.0,27.8,26.029114658925977,25.83250707978954,28.0,1.0333333333333334,0.02,0.0,0.4285714285714287,0.10000000000000002,0.272,7.2,0.1,0.0,3.0285714285714285,0.6333333333333334,1.8840000000000003,0.0,0.0,0.0,0.0,0.0,0.0,1.0,0.4,0.0,0.8571428571428571,0.3333333333333333,0.52,11.0,0.4109250940742051,1.3148460824425603,0.8243225806451613,106.72,9.57,120.75,41.22,0.0,0.0,30.69,0.0,0.17163903050967402,0.02006289308176101,0.2313661621000191,0.07576509511993383,0.0,0.0,0.06975,0.0
2006-03-25,44.0,-0.2409090909090909,3.7841896339182615,-0.5815383815028904,27.3,28.1,28.5,27.7,27.70705047572972,27.701711151612578,27.9,28.4,29.1,29.4,28.5,28.45151588453476,28.44072595140253,28.85,26.2,27.1,27.4,27.1,26.562447992259315,26.558606313351458,26.95,11.2,4.14,5.825,2.271428571428572,3.0666666666666664,4.476,38.86666666666667,17.14,27.275,11.085714285714287,14.666666666666664,19.08,0.0,0.0,0.0,0.0,0.0,0.0,4.666666666666667,2.4,3.5,3.571428571428572,2.5,3.2,12.0,0.4609250940742093,0.26484608244255625,0.8182258064516128,121.51,28.93,104.3,11.7,0.0,0.0,0.0,0.0,0.19542596136835166,0.06064989517819705,0.1998467139298716,0.021505376344086027,0.0,0.0,0.0,0.0
2006-04-01,39.0,-0.2522727272727273,3.6635616461296463,-0.5785319075144504,27.0,27.7,27.6,27.3,28.11205047572971,28.164871700220885,27.4,28.2,28.4,28.1,28.3,28.67984921786809,28.69563216358486,28.25,26.2,26.6,26.5,26.9,27.20911465892598,27.439001634045283,26.55,4.8,8.26,7.625,9.614285714285714,6.2,7.628000000000003,13.633333333333333,24.12,21.775,40.42857142857143,17.433333333333334,25.44800000000001,0.0,0.02,0.0,0.0,0.0,0.004,4.0,4.6,3.5,3.7142857142857135,4.666666666666667,4.12,13.0,-0.5319241547166556,-0.3423564011487734,0.8149,130.34,18.81,65.24000000000001,27.36,34.39,0.0,0.0,0.0,0.2096273541663316,0.03943396226415094,0.12500479018969152,0.050289495450785766,0.07013214780977241,0.0,0.0,0.0
2006-04-08,39.0,-0.2522727272727273,3.6635616461296463,-0.5755254335260116,26.8,27.7,27.8,26.9,28.128717142396372,28.183931805101885,27.3,27.9,28.7,28.8,27.6,28.86484921786809,28.902162014331132,28.25,25.9,26.8,26.8,25.7,26.73078132559265,26.787781383944434,26.3,16.933333333333334,20.1,18.75,10.071428571428571,11.716666666666667,14.684000000000005,39.56666666666667,50.86,56.725,38.114285714285714,43.93333333333334,45.212,0.2,1.62,1.65,0.0,0.0,0.612,5.666666666666668,5.4,5.25,3.4285714285714284,4.5,4.64,14.0,-0.531924154716652,-0.5923564011487699,0.8281999999999999,145.92000000000004,13.41,99.4,16.72,0.0,31.73,27.84,0.0,0.23468485131157826,0.02811320754716981,0.1904579421345085,0.030732469442146863,0.0,0.06631138975966562,0.06327272727272727,0.0
2006-04-15,40.0,-0.25,3.688879454113936,-0.5725189595375727,26.4,27.1,27.5,26.6,27.910383809063052,27.93424443116079,26.9,27.8,28.4,28.7,28.0,28.843182551201423,28.877973833613094,28.225,25.2,25.8,26.3,25.1,26.992447992259308,27.14402382041075,25.6,8.7,10.86,9.225,13.771428571428574,8.9,10.684,29.4,53.86,52.4,57.3,35.316666666666656,47.20399999999999,0.0,0.0,0.0,0.0,0.0,0.0,4.333333333333333,3.0,2.0,4.142857142857143,3.0,3.32,15.0,-0.5569241547166506,-1.2923564011487692,0.8415,101.46,21.6,91.84,0.0,0.0,18.43,32.0,0.0,0.16317931067758173,0.04528301886792453,0.17597240850737686,0.0,0.0,0.03851619644723093,0.07272727272727272,0.0
2006-04-22,32.0,-0.2681818181818182,3.4657359027997265,-0.5695124855491327,26.5,27.3,27.3,26.5,28.270383809063038,28.345942696590384,26.9,27.1,27.8,27.9,27.4,29.07484921786809,29.136601304367428,27.550000000000004,25.9,26.5,26.6,25.8,27.08411465892598,27.26882212617921,26.2,18.933333333333334,12.24,16.099999999999998,14.828571428571427,14.066666666666668,14.824000000000002,52.06666666666666,41.58,67.39999999999999,69.22857142857143,44.25,55.352,0.2333333333333333,0.46,0.6499999999999999,0.2428571428571429,0.43333333333333335,0.396,5.666666666666668,6.4,6.0,5.7142857142857135,6.0,5.96,16.0,-1.2319241547166475,-0.6923564011487713,0.8548,102.22,6.12,112.0,23.75,19.0,0.0,0.0,0.0,0.1644016276114962,0.012830188679245284,0.2146004981797279,0.04365407591214043,0.03874704298882454,0.0,0.0,0.0
2006-04-29,38.0,-0.2545454545454545,3.6375861597263857,-0.5665060115606939,27.1,27.7,27.7,27.2,28.353717142396377,28.441243220995393,27.425,28.4,28.6,29.3,27.9,29.023182551201426,29.07892179650136,28.55,26.5,27.2,26.7,26.2,26.960781325592645,27.10091167841801,26.65,10.533333333333333,10.5,12.325,4.9714285714285715,8.483333333333333,8.764,34.56666666666667,32.0,44.125,17.000000000000004,28.63333333333333,29.24,0.06666666666666668,0.38,0.0,0.0,0.16666666666666666,0.124,4.666666666666667,6.2,3.75,3.1428571428571432,3.8333333333333335,4.2,17.0,-0.23192415471665484,-0.24235640114876844,0.8681,144.29999999999995,14.08,57.96,47.0,0.0,30.36,55.00000000000001,37.41,0.2320793862682342,0.02951781970649895,0.11105575780800918,0.08638911864718317,0.0,0.06344827586206897,0.12500000000000006,0.14554154995331464
2006-05-06,52.0,-0.22272727272727272,3.951243718581428,-0.5634995375722539,27.2,27.5,27.6,26.9,28.61371714239639,28.738580857139002,27.300000000000004,28.4,28.6,29.0,27.8,29.58651588453476,29.707814495170172,28.45,26.5,26.6,26.6,26.4,27.317447992259307,27.586490540862545,26.525,6.866666666666667,3.14,6.375,13.157142857142857,7.283333333333334,7.904,26.566666666666666,10.44,19.35,46.44285714285714,29.016666666666666,28.34,0.06666666666666668,0.0,0.0,0.0,0.0,0.008,4.666666666666667,2.4,4.0,3.8571428571428568,2.5,3.36,18.0,-0.9116399281803141,-0.8204380683509633,0.8665161290322579,109.06,4.0,74.76000000000002,54.88,49.29,73.48,60.5,43.0,0.17540248001672645,0.008385744234800839,0.1432458325349684,0.10087308151824284,0.10051798678521902,0.1535632183908046,0.1375,0.16728913787737315
2006-05-13,43.0,-0.2431818181818182,3.7612001156935615,-0.5604930635838149,27.5,28.0,28.5,27.4,28.650383809063054,28.780513087877196,27.85,28.8,29.1,29.5,28.1,29.51151588453476,29.624086177300068,28.875,26.0,26.4,26.7,26.6,27.420781325592642,27.72717226736516,26.425,9.466666666666667,7.5,4.275,1.9428571428571428,6.699999999999998,5.472,55.5,38.62000000000001,20.6,10.357142857142858,32.06666666666667,28.276,0.0,0.0,0.0,0.0,0.0,0.0,2.333333333333333,3.4,2.75,2.142857142857143,3.333333333333333,2.8,19.0,-0.4866399281803133,-0.9204380683509648,0.8624516129032258,138.17,16.0,64.12,14.000000000000002,0.0,44.0,106.15,0.0,0.22222043520916093,0.03354297693920336,0.1228587852078942,0.025732928958735416,0.0,0.09195402298850576,0.24125,0.0
2006-05-20,74.0,-0.17272727272727273,4.30406509320417,-0.5574865895953761,27.9,28.4,28.8,27.8,28.800383809063053,28.952054031806213,28.225,28.7,29.0,29.7,28.2,29.57651588453476,29.69665071945416,28.9,27.1,27.2,27.4,27.3,27.482447992259306,27.81112749124576,27.25,2.9,2.22,0.95,0.6285714285714287,0.6166666666666666,1.2679999999999998,11.2,13.5,6.55,4.457142857142856,4.316666666666666,7.376000000000001,0.0,0.0,0.0,0.0,0.0,0.0,1.6666666666666667,1.0,0.75,1.1428571428571428,0.5,0.96,20.0,-0.4616399281803112,-0.09543806835096548,0.8583870967741936,156.61999999999995,12.0,99.68,28.28,53.0,0.0,27.500000000000004,0.0,0.2518937870916898,0.025157232704402517,0.19099444337995786,0.051980516496645535,0.10808385675830004,0.0,0.06250000000000001,0.0
2006-05-27,80.0,-0.1590909090909091,4.382026634673881,-0.5544801156069362,27.2,27.5,27.7,26.8,28.697050475729714,28.833881381544003,27.3,28.0,28.2,28.4,27.4,29.581515884534763,29.702232607312173,28.0,26.7,27.0,26.9,26.5,27.700781325592647,28.10837436498517,26.775,14.133333333333333,8.120000000000001,7.324999999999998,6.2857142857142865,4.4,7.308,61.6,34.9,24.725,20.942857142857143,20.2,29.04,0.0,0.0,0.0,0.0,0.0,0.0,3.0,2.0,1.75,2.142857142857143,2.0,2.12,21.0,-1.361639928180313,-0.5704380683509633,0.8543225806451613,153.49,11.6,68.46000000000001,49.42,0.0,24.0,0.0,0.0,0.24685977129806844,0.02431865828092243,0.13117455451235868,0.090837239224336,0.0,0.050156739811912224,0.0,0.0
2006-06-03,76.0,-0.16818181818181818,4.330733340286331,-0.5514736416184973,27.9,28.1,28.3,27.1,28.452050475729713,28.55369783979329,27.85,29.6,29.4,29.4,28.6,29.22318255120143,29.302197310821647,29.25,25.3,25.7,25.8,24.6,27.475781325592646,27.802051250826235,25.35,9.233333333333333,8.860000000000003,5.574999999999998,8.442857142857143,7.7666666666666675,7.999999999999997,47.3,42.62,27.2,31.428571428571434,47.33333333333334,38.71200000000001,0.0,0.0,0.0,0.0,0.0,0.0,1.0,1.6,2.25,1.5714285714285714,1.1666666666666667,1.52,22.0,0.04847034972486952,-1.7043535082918029,0.8531,117.42,6.440000000000001,81.48,0.0,0.0,46.31999999999999,149.41000000000003,0.0,0.1888479662897856,0.013501048218029351,0.15612186242575204,0.0,0.0,0.09680250783699057,0.3395681818181819,0.0
2006-06-10,84.0,-0.15,4.430816798843313,-0.5484671676300573,26.8,27.0,27.5,26.1,28.312050475729713,28.39359295879289,26.85,28.4,28.5,29.0,27.9,29.38318255120143,29.480817722277884,28.450000000000006,25.4,25.7,25.8,24.8,26.764114658925976,26.83316258604205,25.425,16.8,9.3,9.925,17.514285714285716,7.683333333333334,12.212,58.76666666666667,28.18,31.075,59.2,27.05,40.72800000000001,0.0,0.0,0.0,0.0,0.0,0.0,5.666666666666668,4.2,3.5,4.857142857142857,3.0,4.16,23.0,-0.7515296502751276,-1.629353508291807,0.8556666666666666,159.98,13.510000000000002,117.18,44.4,0.0,23.28,0.0,0.0,0.2572977145889959,0.028322851153039837,0.2245257712205403,0.08161014612627518,0.0,0.048652037617554864,0.0,0.0
2006-06-17,85.0,-0.14772727272727273,4.442651256490317,-0.5454606936416185,27.0,27.2,27.4,26.4,28.98538380906305,29.163621195985304,27.0,28.2,28.3,28.1,27.6,29.65484921786809,29.784100295896273,28.05,25.1,25.3,25.5,24.4,27.529114658925977,27.874661174182425,25.075000000000006,7.2,12.66,7.15,10.385714285714286,5.3500000000000005,8.732000000000001,28.83333333333333,55.44,37.2,53.57142857142858,29.866666666666664,42.66799999999999,0.0,0.0,0.0,0.0,0.0,0.0,2.6666666666666665,2.6,2.5,2.2857142857142856,3.6666666666666665,2.76,24.0,-1.151529650275133,-1.9793535082918008,0.8582333333333334,112.1,14.420000000000002,139.01999999999998,82.14,18.0,0.0,127.3,0.0,0.18029174775238435,0.030230607966457025,0.2663728683655872,0.15097877033360907,0.036707724936781136,0.0,0.28931818181818186,0.0
2006-06-24,87.0,-0.1431818181818182,4.465908118654584,-0.5424542196531796,27.2,27.3,27.6,27.0,29.21871714239638,29.43046266431931,27.275,27.9,28.1,28.4,27.7,29.95651588453476,30.12087419666271,28.025,25.8,25.8,26.3,25.9,27.984114658925968,28.49411458281493,25.950000000000006,3.8666666666666663,8.2,13.9,4.4,8.35,7.564,11.366666666666665,22.92,44.775,16.499999999999996,30.500000000000004,25.052000000000003,0.0,0.0,0.0,0.05714285714285715,0.20000000000000004,0.064,3.0,3.6,3.75,3.571428571428572,5.833333333333332,4.08,25.0,-1.1765296502751283,-1.1043535082918012,0.8608,137.94,4.0600000000000005,153.29999999999995,53.28,0.0,23.52,152.09000000000003,0.0,0.2218505235054763,0.008511530398322852,0.2937344318835025,0.0979321753515302,0.0,0.04915360501567398,0.34565909090909097,0.0
2006-07-01,95.0,-0.125,4.553876891600541,-0.5394477456647396,28.3,28.7,28.8,27.2,28.640383809063053,28.7690770249486,28.25,29.1,29.4,29.4,28.3,29.49984921786809,29.611061772298044,29.05,26.4,26.4,26.6,25.6,27.130781325592647,27.332355809115878,26.25,1.1,0.8800000000000001,0.625,1.0285714285714287,3.25,1.476,7.833333333333332,6.14,4.2,7.257142857142857,22.766666666666666,10.336,0.0,0.0,0.0,0.0,0.0,0.0,1.0,1.0,1.25,1.1428571428571428,1.0,1.08,26.0,0.18307644985518576,-0.59821045279541,0.8621935483870967,85.68,22.59,103.73999999999998,64.74000000000001,0.0,0.0,218.94,0.0,0.137800151181305,0.04735849056603773,0.1987737114389729,0.11899641577060935,0.0,0.0,0.4975909090909091,0.0
2006-07-08,105.0,-0.10227272727272728,4.653960350157523,-0.5364412716763008,28.6,28.8,29.0,28.1,28.21871714239638,28.28685637145929,28.625,29.5,29.6,29.6,28.8,28.924849217868093,28.96914466862722,29.375,26.6,27.0,27.3,26.2,27.185781325592647,27.407234792576944,26.775,2.3666666666666667,3.78,4.075,3.1428571428571432,3.5,3.412,10.066666666666668,14.18,15.75,11.085714285714284,14.216666666666667,13.079999999999998,0.0,0.0,0.0,0.0,0.0,0.0,2.0,2.0,2.0,2.142857142857143,2.0,2.04,27.0,0.5080764498551851,-0.07321045279540782,0.8565483870967742,76.84,38.16,100.38,63.57,0.0,0.0,267.89,0.0,0.12358267526577353,0.08,0.1923356964935811,0.11684587813620073,0.0,0.0,0.6088409090909089,0.0
2006-07-15,102.0,-0.10909090909090907,4.624972813284272,-0.5334346820809248,27.4,27.6,27.9,27.0,27.870383809063053,27.88850017944639,27.475,28.1,28.4,28.9,27.9,28.748182551201424,28.771917964310962,28.325000000000006,27.0,26.3,26.4,25.8,26.50744799225931,26.483727329890385,26.375,11.733333333333334,9.98,9.475,13.3,8.466666666666667,10.675999999999998,41.66666666666666,46.54,43.275,37.05714285714286,29.08333333333333,38.588,0.03333333333333333,0.0,0.0,0.35714285714285715,0.03333333333333333,0.112,6.333333333333332,4.8,4.0,6.7142857142857135,4.5,5.32,28.0,-0.5419235501448121,-0.4732104527954135,0.8509032258064516,77.86000000000001,17.91,105.42,0.0,0.0,0.0,89.0,0.0,0.12522315325602718,0.03754716981132075,0.20199271891166887,0.0,0.0,0.0,0.20227272727272727,0.0
2006-07-22,100.0,-0.11363636363636365,4.605170185988092,-0.530428208092486,27.8,28.2,28.6,27.5,27.950383809063048,27.979988682875184,28.025,29.0,29.1,29.2,28.4,28.754849217868088,28.77936048145497,28.925,26.2,26.9,27.7,26.1,26.914114658925982,27.037377995481343,26.725,4.2,2.4,1.675,5.628571428571428,3.0666666666666664,3.5640000000000005,19.933333333333334,10.24,10.85,25.185714285714287,11.9,16.084000000000003,0.0,0.0,0.0,0.0,0.0,0.0,3.333333333333333,1.8,1.5,2.2857142857142856,1.6666666666666667,2.04,29.0,0.058076449855182226,-0.12321045279540856,0.8452580645161291,93.5,21.96,95.34,55.77,0.0,38.0,0.0,0.0,0.1503771491065828,0.046037735849056606,0.18267867407549335,0.10250896057347672,0.0,0.0794148380355277,0.0,0.0
2006-07-29,70.0,-0.18181818181818185,4.248495242049359,-0.527421734104046,27.9,28.1,28.5,27.8,28.530383809063053,28.643280332733998,28.075,29.0,29.2,29.2,28.4,29.168182551201426,29.240796544383567,28.950000000000006,25.7,26.5,27.3,26.4,27.307447992259316,27.572876180233266,26.475,12.433333333333332,2.3200000000000003,0.7999999999999999,7.2857142857142865,0.9666666666666668,4.355999999999998,47.16666666666666,10.82,4.25,32.77142857142857,4.666666666666667,18.8,0.0,0.0,0.0,0.0,0.0,0.0,3.0,2.2,2.0,2.4285714285714284,1.5,2.16,30.0,0.08307644985518793,-0.3732104527954085,0.8396129032258064,100.82,13.29,103.53,41.07,0.0,0.0,89.0,0.0,0.16214999115428536,0.027861635220125785,0.19837133550488592,0.07548938516680452,0.0,0.0,0.20227272727272727,0.0
2006-08-05,78.0,-0.16363636363636366,4.356708826689592,-0.5244152601156071,27.6,27.9,28.3,27.3,27.997050475729708,28.033356976541988,27.775,28.9,28.9,29.2,28.2,28.86151588453476,28.89844075575912,28.8,25.8,26.0,26.5,25.6,26.500781325592648,26.474651089470864,25.975,6.866666666666667,3.62,1.775,3.9428571428571435,2.5333333333333337,3.5439999999999987,44.56666666666666,18.26,7.4,23.52857142857143,13.516666666666666,20.016,0.0,0.0,0.0,0.0,0.0,0.0,3.333333333333333,2.0,2.25,2.571428571428572,1.6666666666666667,2.28,31.0,0.049341642458422534,-0.8406585118098278,0.8349354838709676,81.0,10.080000000000002,73.36999999999998,100.38,0.0,29.7,32.0,0.0,0.1302732521672001,0.021132075471698118,0.1405824870664878,0.1845051006341329,0.0,0.06206896551724138,0.07272727272727272,0.0
2006-08-12,80.0,-0.1590909090909091,4.382026634673881,-0.5214087861271672,27.6,28.0,28.0,27.3,28.02371714239638,28.063853144351594,27.725,28.0,28.6,28.5,28.0,28.641515884534755,28.6528376900068,28.275,27.2,27.4,27.5,26.8,26.83411465892598,26.92846311044706,27.225,2.0,2.62,3.825,3.6857142857142855,5.3500000000000005,3.6919999999999993,8.633333333333333,10.52,11.825,15.671428571428573,24.85,15.384,0.0,0.0,0.0,0.0,0.0,0.0,1.6666666666666667,1.2,1.5,1.8571428571428568,1.3333333333333333,1.52,32.0,-0.4756583575415796,0.4093414881901687,0.8306451612903225,79.2,3.3600000000000003,100.92,57.54,15.0,30.0,0.0,0.0,0.127378291007929,0.007044025157232705,0.19337037746694766,0.10576233802040254,0.03058977078065095,0.06269592476489028,0.0,0.0
2006-08-19,73.0,-0.175,4.290459441148391,-0.5184023121387283,27.8,28.1,28.4,28.1,27.603717142396377,27.58353850135038,28.1,28.6,28.8,29.1,28.6,28.36818255120143,28.34769448710241,28.775,26.0,26.1,27.1,27.7,26.14078132559264,25.984534106816557,26.725,3.5666666666666664,5.08,4.65,5.314285714285715,5.7666666666666675,5.06,20.033333333333328,29.6,23.65,36.2,37.816666666666656,31.32,0.0,0.0,0.0,0.0,0.0,0.0,2.0,2.4,2.75,2.0,2.1666666666666665,2.24,33.0,0.02434164245842041,-0.09065851180982776,0.8263548387096775,52.49999999999999,12.670000000000002,92.8,38.64,0.0,58.8,20.8,38.0,0.08443636714540745,0.02656184486373166,0.1778118413489174,0.07102288392610974,0.0,0.12288401253918495,0.04727272727272727,0.14783691254279488
2006-08-26,77.0,-0.16590909090909092,4.343805421853683,-0.5153958381502894,28.9,28.7,29.1,28.9,28.190383809063054,28.25445419316159,28.9,29.5,29.4,29.7,29.2,28.77484921786809,28.801688032887,29.45,28.1,28.3,28.5,28.4,27.160781325592648,27.37319889100373,28.325000000000006,0.0,0.0,0.05,0.4,0.08333333333333333,0.14,0.0,0.1,0.425,2.7571428571428567,0.5499999999999999,0.992,0.0,0.0,0.0,0.0,0.0,0.0,0.0,0.4,0.5,1.0,0.16666666666666666,0.48,34.0,0.6993416424584211,1.5093414881901737,0.8220645161290324,64.02,15.96,112.47,28.14,19.95,0.0,50.24,71.82,0.10296411856474258,0.03345911949685535,0.2155010538417321,0.05172318720705818,0.040684395138265765,0.0,0.1141818181818182,0.2794117647058823
2006-09-02,59.0,-0.20681818181818185,4.07753744390572,-0.5123893641618495,27.0,27.0,27.4,26.7,27.730383809063053,27.728395298445978,27.025,28.0,28.2,28.6,27.9,28.64151588453476,28.6528376900068,28.175000000000004,25.6,24.9,24.9,24.8,26.740781325592646,26.801395744573718,25.05,16.166666666666668,16.380000000000006,14.725,7.914285714285714,20.8,14.780000000000005,58.53333333333333,91.54,71.825,35.4,103.38333333333334,71.54799999999999,0.0,0.0,0.0,0.0,0.0,0.0,3.6666666666666665,2.2,2.0,2.2857142857142856,1.8333333333333333,2.28,35.0,-0.5948804369499285,-1.4427855021823035,0.8184,131.04000000000002,11.55,109.48,86.58,0.0,0.0,0.0,0.0,0.21075317239493707,0.024213836477987426,0.209771986970684,0.15913978494623654,0.0,0.0,0.0,0.0
2006-09-09,56.0,-0.2136363636363636,4.02535169073515,-0.5093828901734107,27.6,27.9,28.2,27.8,27.62371714239638,27.60641062720758,27.875,28.2,28.5,28.8,28.2,28.58818255120143,28.59329755285473,28.425,26.8,26.9,27.2,27.4,26.280781325592642,26.175135155626563,27.075000000000006,1.9,4.159999999999998,1.075,3.9428571428571435,3.6666666666666665,3.216,8.0,25.8,5.875,19.071428571428573,20.166666666666668,17.24,0.0,0.0,0.0,0.0,0.0,0.0,2.6666666666666665,2.0,2.0,1.8571428571428568,1.5,1.92,36.0,-0.3448804369499321,0.5822144978176986,0.8163000000000001,144.3,3.850000000000001,97.92,37.0,0.0,13.6,36.74,0.0,0.2320793862682343,0.008071278825995808,0.1876221498371335,0.0680084551052293,0.0,0.0284221525600836,0.08349999999999999,0.0
2006-09-16,58.0,-0.20909090909090908,4.060443010546419,-0.5063764161849706,26.6,27.1,27.6,26.8,27.963717142396387,27.99523676677999,27.025,28.0,28.4,28.8,27.9,28.768182551201424,28.794245515742983,28.275,24.9,25.1,25.4,24.6,26.647447992259316,26.67432837870039,25.0,17.7,9.98,10.75,10.685714285714283,11.0,11.472,50.76666666666667,46.16,51.6,41.22857142857144,55.6,48.46800000000001,0.0,0.0,0.0,0.0,0.0,0.0,3.6666666666666665,2.6,2.25,3.7142857142857135,2.5,2.96,37.0,-0.4948804369499342,-1.4927855021823042,0.8142,152.48999999999995,18.55,109.14,77.33,0.0,0.0,15.62,38.0,0.24525145954291774,0.03888888888888889,0.20912052117263846,0.14213767116992926,0.0,0.0,0.0355,0.14783691254279488
2006-09-23,54.0,-0.21818181818181814,3.9889840465642745,-0.5033699421965317,27.2,27.5,28.0,27.3,28.09038380906305,28.140093563875585,27.5,28.8,28.4,29.1,28.1,28.968182551201423,29.017521030063282,28.6,25.6,25.9,26.3,25.4,26.660781325592648,26.692480859539433,25.8,3.5,3.28,1.175,2.8,3.333333333333333,2.8480000000000008,16.599999999999998,17.32,8.15,15.728571428571426,17.166666666666668,15.284,0.0,0.0,0.0,0.0,0.0,0.0,2.0,1.6,1.0,2.0,2.0,1.76,38.0,-0.16988043694993138,-0.6927855021823071,0.8121,140.01,16.87,88.06,25.53,15.0,48.2,82.5,0.0,0.22517972883863807,0.03536687631027253,0.16872964169381105,0.04692583402260822,0.03058977078065095,0.1007314524555904,0.1875,0.0
2006-09-30,54.0,-0.21818181818181814,3.9889840465642745,-0.500363468208093,27.7,27.9,28.1,27.5,28.143717142396387,28.201085899494792,27.8,28.7,28.6,29.0,28.3,28.96151588453476,29.010078512919268,28.65,26.2,26.7,26.8,26.2,26.614114658925978,26.628947176602765,26.475,1.9333333333333331,3.3,3.175,2.3571428571428577,5.699999999999998,3.4279999999999995,10.6,14.84,15.8,12.428571428571427,26.500000000000004,16.608,0.0,0.0,0.0,0.0,0.0,0.0,2.0,2.2,1.5,1.5714285714285714,2.0,1.84,39.0,-0.11988043694993422,-0.01778550218230279,0.81,133.26000000000002,61.7,156.92,49.5,36.36,30.4,56.24,0.0,0.21432362449137146,0.12935010482180292,0.3006706265568116,0.09098428453267164,0.0741496043722979,0.06353187042842215,0.1278181818181818,0.0
2006-10-07,52.0,-0.22272727272727272,3.951243718581428,-0.497356994219653,28.1,28.4,28.6,28.0,28.13705047572971,28.193461857542392,28.275,29.1,29.3,29.3,28.4,29.108182551201423,29.17381389008748,29.025,27.7,27.9,28.0,27.7,26.807447992259316,26.89215814876896,27.825,2.1666666666666665,2.22,0.85,2.8142857142857145,1.0833333333333333,1.888,14.4,14.720000000000002,5.75,18.74285714285714,7.650000000000001,12.675999999999998,0.0,0.0,0.0,0.0,0.0,0.0,1.3333333333333333,1.4,1.5,1.1428571428571428,1.0,1.24,40.0,0.2423107217276872,1.0506102420803174,0.8097741935483872,116.49,60.75,124.32,77.55,17.64,0.0,0.0,0.0,0.1873522363574956,0.12735849056603776,0.23820655297949794,0.14254204576785226,0.03597357043804552,0.0,0.0,0.0
2006-10-14,48.0,-0.2318181818181818,3.8712010109078916,-0.4943505202312141,28.0,28.4,28.6,28.0,28.29038380906305,28.368814822447597,28.25,28.5,29.1,29.2,28.5,29.21484921786809,29.29289416439164,28.825,27.1,27.6,27.6,27.6,26.780781325592642,26.855853187090858,27.475,0.7000000000000001,0.02,0.75,0.14285714285714285,0.5166666666666666,0.372,5.0,0.2,5.225,0.8428571428571429,3.2,2.48,0.0,0.0,0.0,0.0,0.0,0.0,0.6666666666666666,0.2,0.25,1.0,1.3333333333333333,0.76,41.0,0.04231072172768791,0.7006102420803195,0.8095483870967741,121.77,55.95,131.72,103.29,20.52,63.84,64.00999999999999,0.0,0.1958441224246908,0.11729559748427673,0.2523855144663728,0.1898538737248415,0.0418468064279305,0.13341692789968654,0.1454772727272727,0.0
2006-10-21,42.0,-0.24545454545454545,3.737669618283368,-0.4913440462427741,28.0,28.1,28.6,28.1,28.010383809063054,28.048605060446786,28.200000000000006,28.8,28.6,28.9,28.8,28.968182551201423,29.017521030063282,28.775,26.7,27.0,28.0,27.2,26.927447992259317,27.0555304763204,27.225,1.1,1.1,0.225,0.05714285714285715,0.4333333333333333,0.5079999999999999,6.4,7.159999999999998,1.325,0.32857142857142857,3.016666666666667,3.228,0.0,0.0,0.0,0.0,0.0,0.0,2.0,1.0,1.0,0.7142857142857143,0.5,0.92,42.0,-0.0076892782723092514,0.4506102420803195,0.8093225806451614,107.25,39.9,154.66000000000003,70.95,36.0,28.88,19.24,0.0,0.17249143573990386,0.08364779874213836,0.296340295075685,0.13041080783016268,0.07341544987356227,0.060355276907001036,0.043727272727272726,0.0
2006-10-28,37.0,-0.25681818181818183,3.610917912644224,-0.4883375722543353,27.1,27.5,27.7,26.7,27.79038380906305,27.797011676017586,27.25,27.5,28.2,28.4,27.1,28.77484921786809,28.801688032887,27.8,26.5,26.8,26.7,26.3,26.17411465892598,26.02991530891419,26.575,8.233333333333333,8.040000000000001,5.6,11.928571428571427,7.133333333333333,8.544000000000002,29.633333333333336,23.360000000000007,22.775,40.42857142857143,22.700000000000006,28.640000000000004,0.0,0.04,0.0,0.0,0.1,0.032,4.0,5.0,3.5,5.571428571428571,3.1666666666666665,4.36,43.0,-0.9826892782723142,-0.1993897579196826,0.8090967741935485,152.45999999999995,6.6,67.85,55.11,16.919999999999998,38.0,65.85000000000001,0.0,0.24520321019026325,0.01383647798742138,0.13000574822762978,0.10129583677970776,0.03450526144057427,0.0794148380355277,0.14965909090909096,0.0
2006-11-04,46.0,-0.2363636363636364,3.828641396489095,-0.4853310982658964,27.4,27.6,27.8,26.8,27.66816158684083,27.657237573556923,27.4,28.3,28.4,28.3,27.6,28.70040477342365,28.71857992477889,28.15,26.4,26.8,26.8,25.9,26.72411465892598,26.778705143524913,26.475,7.6,9.92,6.225,10.828571428571427,7.183333333333334,8.648,35.23333333333333,31.22,37.2,36.84285714285714,27.28333333333333,33.288000000000004,0.0,0.0,0.0,0.0,0.0,0.0,4.333333333333333,4.2,2.25,4.571428571428571,2.6666666666666665,3.64,44.0,-0.06185030555048954,0.228625579230652,0.8176666666666667,99.33,19.39,72.9,12.24,0.0,44.82,38.36,0.0,0.15975360663911092,0.04064989517819707,0.1396819314044836,0.02249793217535153,0.0,0.09366771159874608,0.08718181818181818,0.0
2006-11-11,40.0,-0.25,3.688879454113936,-0.4823246242774564,26.6,27.1,27.2,26.2,27.51149492017416,27.47807258767551,26.775,27.3,27.9,27.8,26.7,28.581515884534763,28.585855035710722,27.425,25.7,25.8,25.8,25.8,26.297447992259308,26.19782575667537,25.775,9.066666666666668,14.7,11.95,11.27142857142857,17.133333333333336,13.208000000000002,34.4,71.08,57.35,46.214285714285715,67.8,56.732,0.3,0.0,0.0,0.15714285714285714,0.06666666666666668,0.09600000000000003,5.666666666666668,4.4,4.0,5.857142857142858,5.333333333333333,5.12,45.0,-0.7868503055504874,-0.4713744207693509,0.8328333333333334,101.97,11.06,64.8,29.88,0.0,27.0,40.040000000000006,0.0,0.16399954967270858,0.02318658280922432,0.1241617168039854,0.05492142266335815,0.0,0.056426332288401264,0.091,0.0
2006-11-18,45.0,-0.23863636363636365,3.80666248977032,-0.4793180346820805,26.9,27.2,27.4,26.4,27.105939364618603,27.01427670223783,26.975,28.8,28.7,28.9,27.6,28.03151588453476,27.971847371329922,28.5,25.6,26.0,26.7,25.3,26.017447992259306,25.81662365905537,25.9,3.9,5.2,1.95,4.5285714285714285,2.5,3.688,18.9,21.26,7.275,16.514285714285712,9.116666666666667,14.496000000000002,0.0,0.0,0.0,0.0,0.0,0.0,3.6666666666666665,2.0,3.25,3.2857142857142856,2.833333333333333,2.96,46.0,0.2881496944495119,-0.3463744207693509,0.8480000000000001,87.78000000000002,2.3800000000000003,56.7,24.66,0.0,0.0,111.72,0.0,0.1411776058671213,0.0049895178197065,0.10864150220348724,0.04532671629445823,0.0,0.0,0.2539090909090909,0.0
2006-11-25,42.0,-0.24545454545454545,3.737669618283368,-0.4763115606936416,26.5,27.0,27.2,26.1,27.333717142396377,27.27476480227817,26.700000000000006,27.5,27.8,27.8,27.0,28.152626995645875,28.1070530994461,27.525,25.6,26.1,26.4,25.2,26.136336881148203,25.97848327987023,25.825,16.266666666666666,12.34,10.15,23.87142857142857,13.183333333333332,15.892000000000005,37.5,40.99999999999999,36.8,59.12857142857143,34.65000000000001,43.46000000000001,0.9333333333333332,0.1,0.05,3.5285714285714285,0.75,1.308,6.0,4.8,4.75,5.857142857142858,6.166666666666668,5.56,47.0,-0.6868503055504895,-0.42137442076935017,0.8631666666666667,130.23000000000002,11.39,97.97999999999998,24.3,56.00000000000001,26.73,19.040000000000006,0.0,0.20945043987326506,0.023878406708595392,0.18773711438972976,0.04466501240694789,0.11420181091443025,0.055862068965517236,0.04327272727272728,0.0
2006-12-02,40.0,-0.25,3.688879454113936,-0.4733050867052027,26.6,26.9,26.9,26.1,27.172606031285273,27.09051712176184,26.625,27.2,27.5,27.8,26.4,28.099293662312533,28.04751296229401,27.225,25.6,25.6,25.6,25.4,26.259670214481535,26.146393727631416,25.550000000000004,4.5,4.2200000000000015,6.075000000000001,7.1571428571428575,8.266666666666667,6.344000000000001,23.066666666666666,19.82,34.0,30.085714285714282,45.23333333333333,31.451999999999998,0.0,0.0,0.0,0.0,0.0,0.0,3.0,3.4,3.0,4.428571428571429,2.833333333333333,3.44,48.0,-0.5906160231886872,-0.2471344046780075,0.8747096774193549,86.10000000000002,3.0,55.92,0.0,0.0,46.44,18.6,0.0,0.13847564211846827,0.006289308176100629,0.10714696301973556,0.0,0.0,0.09705329153605016,0.04227272727272727,0.0
2006-12-09,45.0,-0.23863636363636365,3.80666248977032,-0.4702986127167628,26.9,27.3,27.3,26.7,27.11705047572972,27.026983438825173,27.05,27.7,28.0,28.1,27.5,28.06151588453476,28.005338698477964,27.825000000000006,25.8,26.0,26.1,25.9,26.05967021448153,25.87410651504569,25.950000000000006,6.966666666666666,6.1,1.175,4.542857142857144,5.3,4.7879999999999985,38.0,28.9,5.450000000000001,21.785714285714285,26.71666666666667,23.724,0.0,0.0,0.0,0.0,0.0,0.0,2.333333333333333,2.4,1.5,3.4285714285714284,2.6666666666666665,2.6,49.0,0.0093839768113142,0.15286559532199107,0.8771935483870967,100.38,5.16,89.03999999999998,12.04,9.75,84.24,48.0,0.0,0.16144233398201907,0.01081761006289308,0.1706073960528836,0.022130318904512458,0.019883351007423118,0.1760501567398119,0.10909090909090907,0.0
2006-12-16,56.0,-0.2136363636363636,4.02535169073515,-0.4672921387283239,27.2,27.4,27.3,26.9,27.068161586840827,26.971073797840894,27.2,28.0,28.0,28.1,27.4,27.822626995645862,27.738648500817607,27.875,26.5,26.4,25.9,26.4,25.81300354781487,25.53828561952331,26.3,14.366666666666667,11.220000000000002,14.45,12.071428571428573,7.466666666666666,11.452,55.03333333333334,35.0,41.475,43.62857142857143,26.600000000000005,38.84,0.26666666666666666,0.22,0.25,0.0,0.5333333333333333,0.244,6.0,6.2,5.75,4.0,3.6666666666666665,4.88,50.0,0.05938397681131136,0.5028655953219854,0.8796774193548387,129.36,5.4,56.39999999999999,62.44000000000001,15.0,24.48,90.9,0.0,0.208051208646284,0.011320754716981131,0.1080666794405058,0.11476886315595995,0.03058977078065095,0.05115987460815047,0.20659090909090908,0.0
2006-12-23,45.0,-0.23863636363636365,3.80666248977032,-0.464285664739884,26.0,26.2,26.1,25.2,26.63482825350749,26.475511070934893,25.875000000000004,26.9,26.9,26.9,26.2,27.64707144009032,27.542662216025363,26.725,24.2,24.2,24.3,23.2,25.271892436703762,24.801597438805285,23.975,79.63333333333334,72.82000000000002,59.15,56.42857142857143,51.6,61.768,237.76666666666665,222.82,202.4,195.34285714285718,155.85,197.58,2.4666666666666663,1.88,1.1,1.1,0.7666666666666666,1.34,7.0,7.0,6.75,7.0,6.666666666666668,6.88,51.0,-1.0906160231886908,-1.8221344046780104,0.8821612903225806,98.7,1.47,51.6,19.040000000000006,0.0,0.0,27.3,0.0,0.158740370233366,0.0030817610062893078,0.09886951523280317,0.03499678338388017,0.0,0.0,0.06204545454545455,0.0
2006-12-30,49.0,-0.2295454545454545,3.8918202981106265,-0.4612791907514451,25.7,25.8,25.6,25.1,26.490383809063054,26.31032349529956,25.55,26.8,26.8,26.9,26.0,27.19596032897921,27.039051889280714,26.625,24.4,24.3,24.2,23.7,25.414114658925982,24.995223901088462,24.15,28.83333333333333,32.86,36.45,21.828571428571426,29.83333333333333,29.136,85.73333333333333,107.3,117.0,71.17142857142856,89.14999999999998,91.792,0.0,0.0,0.0,0.028571428571428574,1.4666666666666668,0.36,5.0,5.0,5.0,5.428571428571429,4.833333333333333,5.08,52.0,-1.1906160231886886,-1.6471344046780096,0.8846451612903227,139.77,12.41,54.48,31.95,19.76,0.0,26.0,0.0,0.224793734017402,0.026016771488469603,0.1043878137574248,0.0587262200165426,0.04029692470837752,0.0,0.05909090909090909,0.0
2007-01-06,61.0,-0.20227272727272727,4.110873864173311,-0.4572915606936418,26.9,27.3,27.1,26.3,26.63269150137075,26.404451002353007,26.9,27.8,28.2,27.9,27.0,27.42407998709885,27.167927162914484,27.725,25.8,26.4,26.4,25.6,25.702832607643934,25.576937567292408,26.05,8.033333333333333,7.68,7.175,10.214285714285714,10.783333333333333,9.095999999999998,33.23333333333333,33.02,32.0,47.957142857142856,51.85,41.584,0.0,0.0,0.0,0.0,0.0,0.0,2.333333333333333,4.0,3.75,2.8571428571428568,2.6666666666666665,3.12,1.0,0.13791583511487815,0.3144529999604053,0.8817096774193548,136.29,5.2,61.32000000000001,20.7,45.76000000000001,21.0,11.7,0.0,0.21919680910947775,0.01090146750524109,0.11749377275340105,0.038047973531844505,0.09331919406150584,0.0438871473354232,0.02659090909090909,0.0
2007-01-13,64.0,-0.19545454545454544,4.158883083359672,-0.4531403468208097,25.8,26.1,26.0,25.5,26.33435816803741,26.0307821842812,25.85,27.9,28.1,28.3,28.1,27.609079987098852,27.399643580824947,28.1,23.9,24.3,24.4,23.6,25.211165940977263,24.987889564065288,24.05,50.96666666666667,44.28,41.025,34.614285714285714,34.766666666666666,39.572,174.5666666666667,148.36,147.475,116.17142857142856,122.98333333333332,136.26000000000002,0.0,0.0,0.0,0.014285714285714287,0.0,0.004,6.0,6.0,6.0,6.142857142857142,6.0,6.04,2.0,0.5129158351148781,-1.685547000039595,0.8778709677419354,119.79,7.85,79.52,59.85,17.68,0.0,50.96000000000001,0.0,0.1926596651494926,0.016457023060796647,0.1523663537076068,0.11000827129859388,0.03605514316012725,0.0,0.11581818181818185,0.0
2007-01-20,48.0,-0.2318181818181818,3.8712010109078916,-0.4489891329479764,26.1,26.6,26.5,24.0,26.484358168037414,26.21866036096535,25.8,27.6,27.8,27.6,24.0,27.229079987098853,26.923685533225107,26.75,24.2,24.3,24.4,24.0,25.132832607643927,24.89404123812742,24.225,7.433333333333333,12.48,7.675000000000002,3.9,15.3,9.38,24.66666666666667,47.58000000000001,25.125,12.171428571428573,74.05,37.676,0.0,0.0,0.0,0.028571428571428574,0.0,0.008,3.0,3.4,3.0,4.714285714285714,2.833333333333333,3.52,3.0,-0.8370841648851233,-1.5105470000395904,0.8740322580645161,98.67000000000002,6.950000000000001,31.640000000000004,150.75,18.2,20.79,0.0,0.0,0.15869212088071155,0.01457023060796646,0.06062464073577314,0.2770885028949545,0.03711558854718982,0.043448275862068966,0.0,0.0
2007-01-27,55.0,-0.2159090909090909,4.007333185232471,-0.4448379190751443,27.1,26.5,26.5,25.6,26.24102483470408,25.91388020767773,26.425,27.6,27.6,27.6,26.9,27.069079987098856,26.723282144762017,27.425000000000004,26.2,25.0,24.6,24.6,25.074499274310604,24.824154186897086,25.1,8.633333333333333,4.380000000000001,3.975,8.7,3.8166666666666655,5.899999999999999,33.43333333333333,17.779999999999994,11.925,32.15714285714286,13.950000000000005,21.828000000000007,0.0,0.0,0.0,0.0,0.03333333333333333,0.008,4.333333333333333,5.0,5.0,2.571428571428572,4.833333333333333,4.2,4.0,-0.162084164885119,-0.6355470000395904,0.8701935483870967,100.66,7.5,78.42,139.95,0.0,0.0,0.0,0.0,0.16189266127346125,0.015723270440251572,0.1502586702433416,0.2572373862696443,0.0,0.0,0.0,0.0
2007-02-03,56.0,-0.2136363636363636,4.02535169073515,-0.4406867052023121,25.9,26.1,26.4,25.9,26.364358168037416,26.06835781961804,26.075000000000006,26.4,26.6,26.9,26.2,27.15741332043218,26.83392151547601,26.525,25.3,25.6,26.0,25.6,25.404499274310602,25.21951521957155,25.625,0.03333333333333333,0.0,0.075,0.07142857142857142,0.03333333333333333,0.04400000000000001,0.3,0.0,0.6250000000000001,0.5142857142857143,0.3,0.35200000000000004,0.0,0.0,0.0,0.0,0.0,0.0,0.6666666666666666,0.0,1.0,0.7142857142857143,0.5,0.56,5.0,-1.2361594728800505,-0.7191374989389699,0.8633928571428571,139.75,0.0,99.28,37.25,0.0,126.28,51.25,35.0,0.2247615677822989,0.0,0.19022801302931594,0.06846797169377815,0.0,0.2639080459770115,0.11647727272727272,0.13616557734204793
2007-02-10,35.0,-0.26136363636363635,3.555348061489413,-0.43653549132947994,27.0,26.9,27.0,26.8,26.674358168037426,26.45663938476527,26.925,27.3,27.5,27.3,27.6,27.15407998709885,26.829746444883032,27.425,26.2,26.3,26.4,26.0,26.157832607643932,26.122056566889015,26.225,0.0,0.02,0.0,0.028571428571428574,0.0,0.012000000000000002,0.06666666666666668,0.12000000000000002,0.05,0.1857142857142857,0.016666666666666666,0.09600000000000003,0.0,0.0,0.0,0.0,0.0,0.0,0.3333333333333333,0.4,0.5,0.5714285714285714,0.16666666666666666,0.4,6.0,-0.33615947288005543,-0.11913749893896865,0.852642857142857,120.83,14.52,106.76,14.0,34.32,28.000000000000004,14.75,0.0,0.1943323093748492,0.030440251572327038,0.2045602605863192,0.025732928958735413,0.06998939554612937,0.05851619644723094,0.033522727272727273,0.0
2007-02-17,58.0,-0.20909090909090908,4.060443010546419,-0.4323842774566478,27.0,27.3,27.7,26.9,26.827691501370744,26.64869263204239,27.225,27.4,27.7,28.0,27.5,27.585746653765522,27.370418086674075,27.65,26.7,26.9,27.3,26.5,25.94283260764393,25.86447286378292,26.85,10.733333333333334,2.46,2.0,13.642857142857142,4.816666666666666,7.075999999999999,55.7,11.12,13.525,54.228571428571435,17.716666666666665,30.508,0.0,0.0,0.0,0.0,0.0,0.0,2.333333333333333,2.0,1.5,3.8571428571428568,2.6666666666666665,2.64,7.0,-0.111159472880054,0.5058625010610278,0.8418928571428572,159.53,7.26,103.36,18.25,22.0,0.0,62.25,0.0,0.25657397429917816,0.015220125786163519,0.1980456026058632,0.033544710964065805,0.044864997144954726,0.0,0.14147727272727273,0.0
2007-02-24,49.0,-0.2295454545454545,3.8918202981106265,-0.4282331791907517,26.9,27.3,27.5,26.4,27.124358168037414,27.02027391481771,27.025,27.6,27.9,28.0,27.2,27.975746653765523,27.858901346052853,27.675,26.2,26.5,26.3,25.6,26.212832607643932,26.18795007233476,26.15,7.566666666666667,2.8600000000000003,4.325,8.5,5.8500000000000005,5.956,38.5,13.26,27.075000000000006,25.357142857142854,20.933333333333326,23.728,0.0,0.0,0.0,0.0,0.0,0.0,2.6666666666666665,1.8,1.5,3.571428571428572,2.5,2.52,8.0,-0.08615947288005188,-0.19413749893897148,0.8311428571428572,135.67999999999998,13.14,68.5,33.6,0.0,23.8,35.0,0.0,0.21821573893883586,0.02754716981132076,0.13125119754742284,0.061759029500964985,0.0,0.04973876698014629,0.07954545454545454,0.0
2007-03-03,61.0,-0.20227272727272727,4.110873864173311,-0.4240819653179195,25.7,26.2,26.5,25.3,27.277691501370754,27.21232716209484,25.925,26.9,27.3,27.9,26.2,27.90741332043218,27.77331239889674,27.075,23.6,23.9,23.7,23.1,26.406165940977267,26.41957572784101,23.575000000000006,22.8,25.14,18.75,16.95714285714286,16.466666666666665,19.464,67.8,68.14,58.89999999999999,54.65714285714285,46.13333333333333,57.56400000000001,0.3,1.8,0.275,0.0,0.43333333333333335,0.5439999999999999,6.0,5.6,5.5,4.0,6.5,5.4,9.0,-1.3140749059257928,-3.1101539175574366,0.8273225806451613,99.82,18.760000000000005,85.58999999999997,21.06,0.0,32.660000000000004,40.59,0.0,0.16054167939913472,0.039329140461215946,0.16399693427859738,0.03870967741935485,0.0,0.06825496342737722,0.09225,0.0
2007-03-10,71.0,-0.17954545454545456,4.262679877041316,-0.4199307514450863,27.1,27.6,27.5,27.5,27.27102483470408,27.203977020908876,27.425,27.7,28.2,28.2,28.0,28.02407998709885,27.919439869651068,28.025,26.0,26.7,26.8,26.6,26.261165940977268,26.245856486211323,26.525,4.0,4.5600000000000005,1.575,2.3000000000000003,1.3500000000000003,2.612,18.33333333333333,25.9,9.45,15.742857142857144,9.183333333333332,15.503999999999998,0.0,0.0,0.0,0.0,0.0,0.0,3.333333333333333,1.0,1.0,1.5714285714285714,1.0,1.44,10.0,-0.3640749059257935,-0.1601539175574409,0.832741935483871,122.14,20.230000000000004,53.73,0.0,12.0,0.0,56.76000000000001,0.0,0.19643919777409652,0.04241090146750525,0.10295075684997124,0.0,0.02447181662452076,0.0,0.129,0.0
2007-03-17,45.0,-0.23863636363636365,3.80666248977032,-0.4157795375722541,27.2,27.8,28.0,26.8,27.09102483470409,26.978523208887907,27.45,28.3,28.4,28.6,27.4,28.150746653765527,28.07809255218436,28.175000000000004,26.6,27.2,27.5,26.1,25.794499274310603,25.686760076368646,26.85,6.6000000000000005,1.9,0.825,13.557142857142859,6.566666666666666,6.675999999999998,22.4,11.04,4.725,55.94285714285714,35.95,29.94400000000001,0.0,0.0,0.0,0.0,0.0,0.0,3.333333333333333,1.8,1.5,3.4285714285714284,2.5,2.56,11.0,-0.21407490592578785,0.16484608244256194,0.8381612903225806,102.3,26.81,47.52,88.29,0.0,31.28,51.48,0.0,0.16453029255190826,0.05620545073375263,0.09105192565625596,0.1622828784119107,0.0,0.06537095088819228,0.11699999999999999,0.0
2007-03-24,88.0,-0.1409090909090909,4.477336814478207,-0.41162832369942204,27.4,27.6,27.4,27.1,27.499358168037414,27.48996935652808,27.375,28.2,28.5,28.4,28.0,28.34574665376552,28.322334181873746,28.275,26.4,26.6,26.3,26.0,26.327832607643934,26.325727401903137,26.325,8.966666666666667,7.6,13.05,4.1571428571428575,4.583333333333333,6.948,53.16666666666666,27.52,41.575,15.1,13.15,25.92,0.0,0.24,0.1,0.0,0.08333333333333333,0.084,4.666666666666667,6.2,5.5,5.285714285714286,5.666666666666668,5.52,12.0,-0.1140749059257935,-0.3601539175574402,0.8435806451612904,94.55,13.93,44.28,0.0,10.92,59.57000000000001,36.63,0.0,0.152065876449491,0.02920335429769392,0.0848438398160567,0.0,0.02226935312831389,0.12449320794148383,0.08325,0.0
2007-03-31,62.0,-0.2,4.127134385045092,-0.4074771098265898,27.2,27.5,27.6,26.9,27.904358168037408,27.997240433575268,27.300000000000004,28.4,29.0,28.7,28.4,28.57407998709885,28.608326517492948,28.625,26.2,26.5,26.6,25.8,26.974499274310602,27.100475284113703,26.275,19.066666666666666,10.56,8.825,20.471428571428564,11.15,14.22,69.26666666666667,33.38,24.75,66.1,40.333333333333336,47.136,0.1,0.3,0.175,0.07142857142857142,0.18333333333333332,0.16400000000000006,5.0,5.4,5.0,3.7142857142857135,4.333333333333333,4.56,13.0,0.2359250940742079,-0.41015391755743735,0.8490000000000001,104.73,12.22,69.63000000000001,39.99,44.62000000000001,23.87,99.68,0.0,0.16843849011692424,0.02561844863731656,0.1334163632879862,0.0735042735042735,0.09099437148217636,0.04988505747126437,0.2265454545454545,0.0
2007-04-07,89.0,-0.13863636363636364,4.48863636973214,-0.4033258959537577,27.2,27.7,28.2,26.8,27.92102483470408,28.018115786540168,27.475,28.5,28.5,28.8,28.2,28.75907998709885,28.8400429354034,28.5,25.9,26.5,26.5,25.7,26.496165940977267,26.527401464024955,26.15,9.633333333333333,2.9,0.275,12.885714285714286,3.95,6.336,44.23333333333333,11.08,1.4,60.871428571428574,16.933333333333334,28.856,0.0,0.0,0.0,0.0,0.0,0.0,2.6666666666666665,1.2,1.0,2.2857142857142856,1.5,1.72,14.0,-0.28192415471665194,-0.7423564011487684,0.8485333333333334,82.25,2.82,51.6,81.53,45.08000000000001,54.87000000000001,40.88,0.0,0.13228364186113836,0.005911949685534591,0.0988695152328032,0.14985754985754987,0.09193245778611632,0.11467084639498433,0.09290909090909093,0.0
2007-04-14,127.0,-0.05227272727272727,4.84418708645859,-0.3991746820809245,26.8,27.0,27.8,26.7,27.70269150137075,27.744648662699923,27.075,28.1,28.3,29.0,27.3,28.737413320432182,28.812904976549014,28.175,25.5,25.6,26.5,25.7,26.757832607643927,26.84089480811532,25.825,15.533333333333333,19.14,12.35,13.87142857142857,13.55,14.804000000000006,36.1,56.96,54.5,41.52857142857143,45.40000000000001,46.968,0.13333333333333333,0.14,0.0,0.14285714285714285,0.1,0.108,4.333333333333333,4.4,3.25,4.857142857142857,5.0,4.48,15.0,-0.6069241547166513,-1.0673564011487713,0.8480666666666667,139.29999999999998,18.18,106.2,41.54,32.2,71.3,39.2,0.0,0.22403782749248116,0.03811320754716981,0.20348725809542054,0.07635327635327636,0.06566604127579738,0.1490073145245559,0.0890909090909091,0.0
2007-04-21,99.0,-0.1159090909090909,4.59511985013459,-0.39502346820809225,27.1,28.0,28.8,27.3,28.062691501370743,28.195556286741862,27.8,27.4,28.4,29.2,27.6,28.96907998709885,29.103072382761198,28.15,26.7,27.5,28.4,27.1,26.849499274310602,26.950717317191557,27.425,9.766666666666667,0.78,0.775,7.4714285714285715,3.483333333333333,4.38,32.4,4.12,3.625,36.371428571428574,19.416666666666668,20.136,0.0,0.0,0.0,0.0,0.0,0.0,3.333333333333333,1.6,1.25,2.2857142857142856,2.0,2.04,16.0,-0.6319241547166534,0.5326435988512266,0.8476,142.8,5.76,58.79999999999999,79.98,112.24,75.64,90.72,29.0,0.22966691863550834,0.012075471698113207,0.11266526154435713,0.14700854700854704,0.2288930581613509,0.1580773249738767,0.2061818181818182,0.11282290694055397
2007-04-28,129.0,-0.04772727272727273,4.859812404361672,-0.3908723699421961,26.8,27.2,27.7,26.7,28.14602483470408,28.299933051566395,27.1,27.7,28.0,28.9,27.3,28.917413320432182,29.038358788569994,27.975,25.8,26.6,26.9,26.2,26.726165940977268,26.802956123161703,26.375000000000004,17.266666666666666,20.640000000000004,20.825,30.314285714285717,31.55,25.592,50.70000000000001,55.62000000000001,77.075,72.28571428571429,87.2,70.708,0.43333333333333335,2.24,0.425,2.0,4.116666666666667,2.116,6.333333333333332,6.6,6.5,7.0,6.833333333333332,6.72,17.0,-0.8069241547166541,-0.517356401148767,0.8471333333333334,122.9,41.28,169.2,54.65,69.68,30.69,171.68,0.0,0.19766151470801105,0.08654088050314465,0.32420003832151745,0.10045032625677787,0.1420996818663839,0.06413793103448276,0.3901818181818182,0.0
2007-05-05,111.0,-0.08863636363636364,4.709530201312334,-0.386721156069364,27.3,27.5,27.5,26.8,28.406024834704084,28.625588557818922,27.275,28.0,28.2,28.4,27.4,29.48074665376552,29.743945718783788,28.0,26.5,26.6,26.5,25.8,27.08283260764393,27.23026552211289,26.35,12.6,13.94,13.925,13.685714285714285,19.866666666666667,15.128,43.4,38.82000000000001,40.075,40.94285714285714,56.9,44.50400000000001,0.0,0.0,0.0,0.0,0.0,0.0,5.333333333333333,5.2,5.25,6.0,6.0,5.64,18.0,-1.361639928180313,-0.995438068350964,0.8471612903225807,95.0,57.12,152.4,44.25,0.0,0.0,69.89999999999999,26.0,0.15278961673930874,0.11974842767295595,0.29200996359455833,0.08133443617314585,0.0,0.0,0.15886363636363635,0.10115157173980703
2007-05-12,180.0,0.06818181818181818,5.1929568508902095,-0.3825699421965318,28.0,28.6,28.7,28.0,28.44269150137075,28.671514334341712,28.325,28.9,29.5,29.8,28.4,29.405746653765522,29.65000663044172,29.15,26.6,27.3,27.3,27.2,27.186165940977265,27.3540654414352,27.1,6.8,5.16,3.575,6.8428571428571425,3.233333333333333,5.112,26.46666666666667,19.48,16.425,37.628571428571426,17.849999999999994,24.52,0.0,0.0,0.0,0.0,0.0,0.0,3.333333333333333,4.0,2.75,3.4285714285714284,3.5,3.44,19.0,-0.21163992818031474,-0.2454380683509605,0.8473870967741935,140.22000000000003,66.35999999999999,116.4,68.0,21.44,16.08,46.8,0.0,0.22551747430721975,0.1391194968553459,0.2230312320367886,0.12498851208528627,0.043722979035810426,0.03360501567398118,0.10636363636363637,0.0
2007-05-19,210.0,0.13636363636363635,5.3471075307174685,-0.3784187283236997,27.0,27.5,27.9,27.5,28.592691501370748,28.859392511025852,27.475,27.8,28.2,28.4,28.0,29.47074665376552,29.73142050700484,28.1,25.9,26.2,26.3,27.1,27.24783260764393,27.427946038450127,26.375,10.733333333333334,7.88,6.424999999999999,3.8571428571428568,6.449999999999998,6.519999999999999,51.73333333333333,27.1,22.95,15.957142857142856,27.5,26.36799999999999,0.0,0.0,0.0,0.0,0.0,0.0,3.0,4.2,5.0,3.0,3.1666666666666665,3.6,20.0,-1.2616399281803121,-0.970438068350962,0.8476129032258065,119.32,63.42,189.6,29.5,0.0,0.0,68.7,0.0,0.1919037586245718,0.1329559748427673,0.3632879862042536,0.0542229574487639,0.0,0.0,0.15613636363636366,0.0
2007-05-26,259.0,0.24772727272727274,5.556828061699537,-0.3742675144508675,27.7,28.4,28.5,27.9,28.489358168037416,28.72996532264344,28.125,28.4,29.0,29.2,28.4,29.475746653765526,29.73768311289432,28.75,26.6,27.9,27.8,27.1,27.466165940977262,27.689523287340805,27.35,1.4333333333333336,1.2799999999999998,2.95,2.2,2.4,2.092,6.833333333333332,6.08,14.075,9.557142857142855,12.45,9.952,0.0,0.0,0.0,0.0,0.0,0.0,1.3333333333333333,3.0,3.25,3.1428571428571432,2.5,2.76,21.0,-0.6116399281803133,0.004561931649039508,0.8478387096774194,83.63,73.05,90.24,30.5,32.0,58.44,79.19999999999997,24.96,0.13450311208324622,0.1531446540880503,0.17290668710480933,0.05606102380295929,0.06525817766538869,0.12213166144200628,0.17999999999999994,0.09710550887021477
2007-06-02,227.0,0.175,5.424950017481403,-0.37011630057803424,27.2,28.0,28.6,27.2,28.244358168037408,28.423097634059328,27.750000000000004,28.3,28.7,29.2,28.2,29.117413320432192,29.28886302414886,28.6,25.8,26.8,27.6,25.9,27.241165940977268,27.419958946880946,26.525,6.366666666666667,9.04,5.025,7.7714285714285705,3.1666666666666665,6.311999999999999,21.6,44.98,29.25,33.94285714285714,16.583333333333332,29.752,0.0,0.0,0.0,0.0,0.0,0.0,2.333333333333333,3.0,2.0,2.2857142857142856,2.333333333333333,2.4,22.0,-0.6015296502751291,-0.5293535082918055,0.8466666666666666,83.82000000000002,162.36,218.92,85.50000000000001,0.0,51.26,40.0,0.0,0.13480869131672485,0.340377358490566,0.41946733090630384,0.15715467328370558,0.0,0.1071264367816092,0.09090909090909093,0.0
2007-06-09,293.0,0.325,5.680172609017067,-0.3659650867052021,27.6,28.4,28.6,27.5,28.10435816803741,28.24774466915413,28.025,28.0,29.0,29.1,27.9,29.277413320432192,29.489266412611947,28.5,26.7,27.6,28.0,27.1,26.529499274310602,26.567336921870858,27.35,5.633333333333333,2.44,3.375,1.257142857142857,0.3833333333333333,2.148,34.73333333333333,16.96,22.65,8.3,2.1,14.012,0.0,0.0,0.0,0.0,0.0,0.0,1.3333333333333333,1.2,1.25,1.1428571428571428,1.3333333333333333,1.24,23.0,-0.7015296502751305,0.2956464917081973,0.8420000000000001,84.15,120.6,171.07999999999996,107.92,15.0,36.08,83.60000000000002,0.0,0.13533943419592456,0.2528301886792453,0.3278022609695343,0.1983641209447661,0.03058977078065095,0.07540229885057471,0.19000000000000006,0.0
2007-06-16,401.0,0.5704545454545454,5.9939614273065684,-0.3618138728323699,27.0,27.9,28.3,27.0,28.77769150137075,29.091108928936297,27.55,27.5,28.5,29.2,27.6,29.54907998709885,29.8295346659399,28.200000000000006,26.4,26.8,26.8,26.0,27.294499274310603,27.48385567943439,26.5,6.533333333333334,8.76,6.775,6.371428571428571,16.98333333333333,9.480000000000002,20.4,38.5,33.2,25.02857142857143,66.38333333333334,38.40000000000001,0.5333333333333333,0.0,0.0,0.0,0.0,0.064,6.333333333333332,2.8,2.0,2.4285714285714284,2.6666666666666665,2.96,24.0,-1.0015296502751276,-0.5543535082918041,0.8373333333333334,105.93000000000002,161.64,163.28,38.38,19.8,49.5,52.8,0.0,0.17036846422310506,0.33886792452830194,0.3128568691320176,0.07054498667401894,0.04037849743045925,0.10344827586206896,0.12,0.0
2007-06-23,349.0,0.4522727272727273,5.855071922202427,-0.3576626589595378,27.9,28.0,28.1,27.5,29.01102483470408,29.38336387044497,27.875,28.4,28.8,28.9,28.5,29.850746653765523,30.207378554604677,28.65,27.0,26.5,26.7,25.2,27.749499274310605,28.028974679031,26.35,0.6,1.56,0.85,2.9142857142857146,4.15,2.3320000000000003,3.966666666666667,6.32,3.125,15.785714285714285,23.95,12.408,0.0,0.0,0.0,0.0,0.0,0.0,1.3333333333333333,2.4,2.0,1.1428571428571428,1.5,1.64,25.0,-0.5515296502751319,-0.7043535082918027,0.8326666666666667,118.8,147.96,198.64,45.98,0.0,33.879999999999995,155.6,0.0,0.19106743651189348,0.31018867924528304,0.3806093121287602,0.08451429096590388,0.0,0.07080459770114941,0.35363636363636364,0.0
2007-06-30,381.0,0.525,5.942799375126701,-0.3535115606936416,28.4,28.7,28.7,28.5,28.432691501370748,28.65898912256276,28.575,29.3,29.7,29.7,29.4,29.394079987098852,29.63539388336628,29.525,27.4,27.6,27.3,27.1,26.89616594097727,27.006626958175826,27.35,12.0,9.599999999999998,7.524999999999999,14.428571428571427,9.216666666666667,10.816,79.13333333333333,64.24000000000001,46.5,98.8,60.26666666666667,71.91199999999998,0.0,0.0,0.0,0.0,0.0,0.0,1.0,1.8,1.75,1.5714285714285714,1.6666666666666667,1.6,26.0,0.3234703497248681,0.2956464917081973,0.828,155.25,129.07999999999998,239.74,19.36,38.0,36.0,23.8,0.0,0.2496903999871335,0.270607966457023,0.4593600306572139,0.035584964617222686,0.07749408597764908,0.07523510971786834,0.054090909090909085,0.0
2007-07-07,432.0,0.6409090909090909,6.068425588244112,-0.34936034682080946,28.1,28.8,29.1,28.3,28.01102483470408,28.130842692550658,28.575,29.1,29.8,29.7,28.9,28.819079987098856,28.915194206077057,29.375,26.4,27.1,27.5,27.0,26.951165940977262,27.07252046362157,27.0,0.9666666666666668,4.52,4.325,4.214285714285714,5.733333333333333,4.268,3.1666666666666665,21.56,23.325000000000006,22.8,24.58333333333333,20.708,0.0,0.0,0.0,0.0,0.0,0.0,2.333333333333333,2.8,2.5,2.8571428571428568,2.5,2.64,27.0,0.5080764498551851,0.15178954720459004,0.8325161290322579,157.92,157.08,198.45,40.92,43.25,0.0,73.78,0.0,0.2539845923733857,0.32930817610062896,0.3802452577122053,0.07521367521367522,0.0882005057508769,0.0,0.16768181818181818,0.0
2007-07-14,377.0,0.5159090909090909,5.932245187448012,-0.3452091329479773,27.6,28.0,28.3,27.4,27.662691501370748,27.694547815584144,27.825000000000006,28.4,28.8,29.0,28.4,28.64241332043218,28.693915464649052,28.65,26.5,27.2,27.5,26.7,26.272832607643927,26.25983389645739,26.975,1.6,3.04,4.55,5.4,3.183333333333333,3.804,9.066666666666666,12.46,14.5,30.542857142857148,19.05,19.024,0.0,0.0,0.0,0.0,0.0,0.0,1.0,2.0,1.75,1.1428571428571428,1.1666666666666667,1.4,28.0,-0.21692355014481635,0.12678954720459146,0.8370322580645161,133.98,150.04000000000005,171.98999999999995,33.879999999999995,0.0,18.0,57.46,0.0,0.21548160895507984,0.3145492662473795,0.3295458900172446,0.06227368808013969,0.0,0.03761755485893417,0.1305909090909091,0.0
2007-07-21,363.0,0.484090909090909,5.8944028342648505,-0.3410579190751441,27.2,27.5,28.0,27.0,27.742691501370746,27.79474950981569,27.425,28.1,28.9,29.3,28.6,28.64907998709885,28.702265605835024,28.725,26.1,26.2,26.1,25.6,26.679499274310604,26.747046482177435,26.0,11.166666666666664,12.66,14.075,20.942857142857143,21.1,17.052,42.23333333333333,42.94000000000001,54.02500000000001,79.98571428571427,107.28333333333336,70.44400000000002,0.0,0.0,0.025,0.0,0.03333333333333333,0.012000000000000002,4.666666666666667,5.0,5.25,5.0,6.0,5.24,29.0,-0.1419235501448135,-0.84821045279541,0.8415483870967742,116.76,171.16,199.71,37.84,18.5,38.52,55.08,24.0,0.18778648053138625,0.3588259958071279,0.3826595133167273,0.06955243084275342,0.03772738396280284,0.08050156739811913,0.12518181818181814,0.09337068160597572
2007-07-28,322.0,0.3909090909090909,5.7745515455444085,-0.3369067052023119,25.3,25.8,25.9,25.3,28.32269150137075,28.52121179299439,25.575,25.8,26.2,26.4,26.1,29.06241332043218,29.21997435936467,26.125,24.8,25.2,25.5,24.8,27.072832607643928,27.21828488475912,25.075,5.266666666666667,6.92,5.825,5.7285714285714295,5.616666666666667,5.900000000000001,23.03333333333333,24.42,20.5,26.32857142857143,22.883333333333336,23.792,0.1,0.04,0.25,0.0,0.13333333333333333,0.092,4.666666666666667,5.0,4.0,3.1428571428571432,5.5,4.4,30.0,-2.741923550144815,-1.773210452795411,0.8460645161290323,136.41,98.64,151.53,49.8,49.14,0.0,97.58,0.0,0.21938980652009585,0.20679245283018868,0.2903429775819122,0.09153570443893026,0.10021208907741253,0.0,0.2217727272727273,0.0
2007-08-04,311.0,0.3659090909090909,5.739792912179233,-0.3327554913294798,26.7,27.5,27.8,26.5,27.78935816803741,27.853200498117424,27.125,27.7,28.3,28.6,27.3,28.75574665376552,28.83586786481041,27.975,25.2,25.9,25.8,25.2,26.266165940977267,26.25184680488821,25.525,3.3000000000000003,0.8400000000000001,1.325,2.085714285714286,2.4,1.936,15.666666666666664,4.38,6.325,7.8,11.699999999999998,8.76,0.0,0.0,0.0,0.0,0.0,0.0,1.6666666666666667,1.4,2.25,2.0,2.0,1.88,31.0,-0.7756583575415803,-1.2906585118098306,0.8455483870967742,91.41,76.82000000000002,156.74,106.47,0.0,23.2,123.42,23.0,0.14701577753831802,0.16104821802935013,0.3003257328990228,0.1956989247311828,0.0,0.048484848484848485,0.2805,0.08948023653906008
2007-08-11,246.0,0.21818181818181814,5.5053315359323625,-0.3286042774566476,28.3,28.7,28.8,27.9,27.81602483470408,27.88660106286127,28.425,29.0,29.4,29.3,28.6,28.535746653765518,28.560313205673662,29.075000000000006,27.2,27.6,27.9,26.8,26.599499274310602,26.651201383347264,27.375,1.6000000000000003,1.92,1.85,2.9571428571428577,2.0500000000000003,2.1919999999999997,11.066666666666668,12.86,12.25,18.65714285714285,13.266666666666667,14.268000000000002,0.0,0.0,0.0,0.0,0.0,0.0,1.6666666666666667,1.8,2.0,1.1428571428571428,1.3333333333333333,1.52,32.0,0.3243416424584247,0.5593414881901673,0.8412580645161291,140.58,80.96000000000002,117.98000000000002,38.61,47.06,42.88,164.73,0.0,0.22609646653907395,0.16972746331236901,0.2260586319218241,0.07096774193548387,0.09597030752916223,0.08961337513061651,0.3743863636363636,0.0
2007-08-18,242.0,0.20909090909090908,5.488937726156687,-0.3244530635838155,26.4,26.9,27.4,26.1,27.39602483470408,27.360542168145667,26.7,28.1,28.6,28.6,27.6,28.26241332043219,28.217957417049227,28.225,24.4,24.9,25.8,24.0,25.906165940977264,25.820543860152426,24.775,16.700000000000006,10.52,8.325,20.742857142857144,8.65,13.323999999999995,59.93333333333334,41.56,24.9,63.371428571428574,29.8,44.38400000000001,0.0,0.0,0.0,0.0,0.0,0.0,5.0,4.6,4.25,3.7142857142857135,3.6666666666666665,4.12,33.0,-0.5256583575415767,-2.0406585118098306,0.836967741935484,130.35,77.28,142.79999999999995,75.66,46.8,0.0,91.29,0.0,0.2096434372838831,0.1620125786163522,0.273615635179153,0.13906810035842296,0.09544008483563096,0.0,0.2074772727272727,0.0
2007-08-25,242.0,0.20909090909090908,5.488937726156687,-0.32030184971098224,26.1,26.8,27.1,26.0,27.98269150137075,28.09535459251033,26.5,27.1,27.6,28.0,27.1,28.66907998709885,28.727316029392906,27.450000000000006,25.0,25.6,26.0,24.6,26.926165940977267,27.042568870237137,25.3,9.633333333333333,9.3,4.975,5.257142857142859,6.050000000000002,6.735999999999999,24.46666666666667,25.2,19.575,15.257142857142856,20.3,20.252000000000006,0.5333333333333333,0.22000000000000006,0.0,0.2571428571428571,0.13333333333333333,0.212,7.0,5.6,2.75,5.571428571428571,4.833333333333333,5.12,34.0,-1.300658357541575,-1.5156585118098318,0.8326774193548387,137.94000000000003,80.27,120.02,63.96000000000001,0.0,0.0,110.16,0.0,0.22185052350547635,0.16828092243186582,0.2299674267100977,0.11756272401433696,0.0,0.0,0.25036363636363634,0.0
2007-09-01,192.0,0.09545454545454546,5.2574953720277815,-0.31615075144508714,26.6,26.9,27.4,26.2,27.52269150137075,27.51919485067894,26.775,27.7,28.1,28.5,27.2,28.53574665376552,28.560313205673665,27.875,25.3,25.6,26.2,24.8,26.50616594097727,26.53938210137873,25.475,14.166666666666664,17.259999999999998,11.525000000000002,15.528571428571427,13.800000000000002,14.655999999999995,47.93333333333334,79.35999999999999,57.85,66.08571428571429,73.8,67.096,0.0,0.0,0.0,0.0,0.0,0.0,3.6666666666666665,4.2,4.25,3.8571428571428568,5.0,4.24,35.0,-0.8948804369499328,-1.0177855021823028,0.8291333333333334,150.95999999999995,100.1,115.92000000000002,53.790000000000006,24.96,52.85,64.98,0.0,0.2427907425575373,0.20985324947589104,0.2221115156160184,0.09886958919216986,0.05090137857900318,0.11044932079414836,0.1476818181818182,0.0
2007-09-08,211.0,0.13863636363636364,5.351858133476067,-0.3119995375722539,26.7,27.3,27.5,26.6,27.41602483470408,27.38559259170355,27.025,28.3,28.7,28.8,27.9,28.48241332043219,28.49351207618597,28.425,25.2,25.6,25.8,25.0,26.046165940977264,25.98827278310523,25.4,9.033333333333333,6.6,7.299999999999999,8.942857142857143,11.483333333333333,8.832,35.86666666666667,31.3,35.425,37.97142857142858,46.66666666666666,38.064,0.0,0.0,0.0,0.0,0.0,0.0,2.6666666666666665,2.0,2.5,2.2857142857142856,2.333333333333333,2.32,36.0,-0.34488043694993564,-1.0927855021823056,0.8300666666666667,154.70000000000005,81.12,97.56,64.68,24.44,62.29999999999999,131.86,0.0,0.2488058285218007,0.170062893081761,0.18693236252155584,0.1188861317893576,0.04984093319194061,0.1301985370950888,0.2996818181818182,0.0
2007-09-15,203.0,0.12045454545454545,5.313205979041787,-0.3078483236994218,26.7,27.2,27.4,26.7,27.756024834704085,27.81144979218762,27.0,27.5,28.3,28.5,27.8,28.662413320432183,28.718965888206938,28.025,25.5,25.9,26.0,25.4,26.412832607643928,26.427562819410195,25.700000000000006,13.6,7.32,8.149999999999999,10.55714285714286,6.983333333333333,9.031999999999998,65.73333333333333,23.48,26.4,47.87142857142857,25.33333333333333,36.292,0.0,0.0,0.0,0.0,0.0,0.0,2.0,2.2,2.0,2.7142857142857144,2.333333333333333,2.32,37.0,-0.7448804369499342,-0.7927855021823014,0.831,187.34000000000003,100.62,81.35999999999999,86.13,26.0,36.39999999999999,55.86,0.0,0.3013011242099169,0.2109433962264151,0.15589193332055945,0.15831265508684866,0.05302226935312832,0.07607105538140019,0.12695454545454546,0.0
2007-09-22,196.0,0.10454545454545454,5.278114659230517,-0.3036971098265896,27.7,28.2,28.3,27.6,27.88269150137075,27.970102474720893,27.950000000000006,28.5,29.1,29.0,28.5,28.862413320432182,28.96947012378581,28.775,25.6,25.9,26.0,25.6,26.426165940977267,26.443537002548556,25.775,0.13333333333333333,0.3,0.275,0.1142857142857143,0.5833333333333334,0.292,0.7666666666666666,2.02,1.975,0.9142857142857144,4.033333333333333,2.036,0.0,0.0,0.0,0.0,0.0,0.0,1.0,1.0,1.0,0.8571428571428571,0.8333333333333334,0.92,38.0,0.0051195630500657785,-0.7177855021823056,0.8319333333333333,167.96,95.16,78.12,129.69,0.0,80.15,55.1,0.0,0.27013204239509786,0.19949685534591194,0.1496838474803602,0.2383788254755997,0.0,0.16750261233019856,0.12522727272727274,0.0
2007-09-29,187.0,0.08409090909090909,5.231108616854587,-0.2995458959537575,27.3,27.7,28.0,27.3,27.936024834704085,28.036903604208593,27.575,28.6,28.7,29.1,28.4,28.85574665376552,28.961119982599843,28.700000000000006,24.7,25.4,25.6,25.0,26.379499274310604,26.387627361564284,25.175,8.200000000000001,14.48,17.35,8.542857142857143,8.716666666666667,11.14,29.566666666666666,46.72,56.325,33.97142857142857,26.18333333333333,37.7,0.0,0.0,0.0,0.0,0.0,0.0,3.6666666666666665,4.2,2.5,2.571428571428572,2.333333333333333,2.96,39.0,-0.06988043694992996,-1.317785502182307,0.8328666666666666,126.18,65.78,92.4,135.86,36.3,27.75,65.1,0.0,0.20293677726490505,0.1379035639412998,0.1770454109982755,0.24971969488098525,0.07402724528917529,0.057993730407523515,0.14795454545454545,0.0
2007-10-06,175.0,0.05681818181818181,5.1647859739235145,-0.2953946820809253,28.5,29.1,29.0,28.5,27.92935816803741,28.02855346302262,28.775,29.5,29.9,29.7,29.2,29.002413320432183,29.144823088691005,29.575,27.8,28.5,28.4,27.9,26.572832607643928,26.61925301707054,28.15,0.3,0.94,1.125,0.21428571428571427,0.85,0.6679999999999999,1.9666666666666668,6.480000000000001,7.775,1.3857142857142857,5.666666666666668,4.524,0.0,0.0,0.0,0.0,0.0,0.0,0.6666666666666666,0.8,0.75,0.7142857142857143,0.8333333333333334,0.76,40.0,0.7923107217276879,1.375610242080317,0.8328064516129032,140.22,48.88,95.37,118.22,16.28,14.43,19.25,0.0,0.2255174743072197,0.10247379454926624,0.18273615635179147,0.2172962043929786,0.0332000978872665,0.030156739811912223,0.04375,0.0
2007-10-13,157.0,0.01590909090909091,5.056245805348309,-0.29124346820809205,26.1,27.0,27.7,26.3,28.08269150137075,28.220606710299755,26.775,27.9,28.5,28.5,27.7,29.109079987098852,29.278425347666406,28.15,25.0,26.0,26.4,25.2,26.546165940977264,26.58730465079381,25.65,16.5,12.3,7.750000000000001,6.2142857142857135,5.466666666666666,8.732000000000001,56.36666666666667,45.68,33.225,25.21428571428571,13.983333333333333,31.631999999999994,0.0,0.0,0.0,0.0,0.0,0.0,4.0,2.6,2.0,2.2857142857142856,2.333333333333333,2.52,41.0,-0.6326892782723093,-1.1243897579196798,0.8325806451612903,118.56,41.6,100.65,0.0,0.0,83.62,55.3,0.0,0.1906814416906573,0.08721174004192872,0.1928530369802644,0.0,0.0,0.17475444096133752,0.12568181818181814,0.0
2007-10-20,124.0,-0.05909090909090909,4.820281565605037,-0.2870922543352599,26.2,27.0,27.3,25.9,27.80269150137075,27.86990078048935,26.6,27.1,28.0,28.5,26.8,28.862413320432182,28.96947012378581,27.6,25.4,26.0,26.1,25.1,26.692832607643933,26.7630206653158,25.65,9.3,15.96,10.825,10.571428571428571,10.833333333333336,11.6,27.4,43.14,39.225,32.7,35.34999999999999,35.832,0.1,0.14,0.0,0.0,0.0,0.04,5.333333333333333,4.4,2.25,3.2857142857142856,3.1666666666666665,3.56,42.0,-1.1826892782723135,-1.124389757919683,0.8323548387096774,133.76,30.68,101.31000000000002,97.06,16.28,40.33,0.0,0.0,0.2151277803689467,0.06431865828092242,0.19411764705882356,0.17840272033820426,0.0332000978872665,0.08428422152560082,0.0,0.0
2007-10-27,145.0,-0.011363636363636364,4.976733742420574,-0.2829410404624277,27.2,27.7,28.0,27.3,27.58269150137075,27.5943461213526,27.55,28.4,28.8,29.2,28.8,28.66907998709885,28.72731602939291,28.8,26.3,27.0,27.2,26.2,25.939499274310602,25.860479317998337,26.675,6.4,6.3,5.2,6.471428571428571,5.933333333333334,6.096000000000001,28.73333333333333,28.92,23.125,35.27142857142857,22.33333333333333,28.167999999999992,0.0,0.0,0.0,0.0,0.0,0.0,2.0,2.0,2.25,2.142857142857143,2.5,2.2,43.0,0.017310721727689327,-0.0993897579196812,0.8321290322580646,126.16,27.97,123.98,69.92,22.0,25.700000000000006,93.74,0.0,0.202904611029802,0.05863731656184488,0.23755508718145235,0.12851759948534144,0.044864997144954726,0.05370950888192269,0.21304545454545454,0.0
2007-11-03,117.0,-0.075,4.762173934797756,-0.2787899421965316,26.6,26.9,26.6,26.9,27.46046927914853,27.44126019960997,26.75,27.5,27.7,27.3,28.1,28.59463554265441,28.634072786149673,27.65,25.5,26.0,25.9,25.6,26.489499274310603,26.519414372455774,25.75,6.466666666666666,8.26,16.25,9.228571428571428,7.883333333333333,9.504,43.03333333333334,32.64,58.475,42.385714285714286,36.7,41.724,0.0,0.0,0.0,0.0,0.0,0.0,4.0,3.8,4.25,3.1428571428571432,2.5,3.4,44.0,-0.5618503055504895,-0.4963744207693495,0.8353,140.21999999999997,13.12,97.43999999999998,30.24,44.95,12.750000000000002,24.96,20.58,0.2255174743072197,0.027505241090146747,0.1867024334163632,0.055583126550868486,0.09166734643935068,0.02664576802507837,0.05672727272727272,0.08006535947712418
2007-11-10,108.0,-0.09545454545454546,4.68213122712422,-0.2746387283236994,26.7,27.0,27.0,27.1,27.30380261248186,27.245031881739852,26.950000000000006,27.5,27.7,27.8,27.9,28.475746653765526,28.485161935000008,27.725,25.8,26.2,26.0,26.2,26.06283260764393,26.00824051202818,26.05,12.366666666666667,14.72,14.85,15.3,19.816666666666666,15.844,47.86666666666667,58.56,45.77500000000001,59.87142857142857,55.35,54.828,0.1,0.0,0.2,0.028571428571428574,0.016666666666666666,0.056000000000000015,4.333333333333333,4.6,6.75,6.0,4.833333333333333,5.36,45.0,-0.4868503055504867,-0.19637442076934875,0.843,136.79999999999998,18.32,110.49,34.72000000000001,68.51,22.270000000000003,53.76000000000001,13.44,0.22001704810460454,0.03840670859538784,0.2117072236060548,0.06381766381766384,0.13971367974549312,0.046541274817136886,0.1221818181818182,0.0522875816993464
2007-11-17,127.0,-0.05227272727272727,4.84418708645859,-0.2704875144508673,26.2,26.8,26.9,26.7,26.898247056926298,26.73706495959382,26.65,27.2,27.7,27.5,27.5,27.925746653765522,27.796275287158128,27.475,25.5,26.1,26.1,25.8,25.78283260764393,25.67278266612257,25.875,12.666666666666664,7.960000000000001,5.125,14.0,7.416666666666668,9.632,39.433333333333344,32.540000000000006,20.175,61.12857142857143,30.099999999999994,38.808,0.0,0.0,0.0,0.0,0.0,0.0,4.666666666666667,3.6,4.0,4.0,4.0,4.0,46.0,-0.7368503055504867,-0.3713744207693495,0.8507000000000001,132.24,17.28,112.23,91.0,44.02,17.0,23.68,21.0,0.2126831465011178,0.03622641509433962,0.21504119563134694,0.1672640382317802,0.08977078065095033,0.035527690700104496,0.05381818181818182,0.08169934640522875
2007-11-24,139.0,-0.025,4.934473933130692,-0.2663363005780351,26.7,26.9,26.9,26.8,27.126024834704083,27.022361450114197,26.825,28.6,28.8,29.0,28.3,28.046857764876638,27.947969518703122,28.675,25.0,25.4,25.3,25.4,25.901721496532826,25.815219132439648,25.275,4.333333333333333,8.7,9.175,3.9,4.616666666666666,5.928000000000001,15.333333333333336,42.22,38.025,15.8,24.450000000000006,26.660000000000004,0.0,0.0,0.0,0.0,0.0,0.0,3.333333333333333,4.2,4.25,3.7142857142857135,2.6666666666666665,3.6,47.0,0.4631496944495126,-0.9713744207693508,0.8584,136.79999999999998,18.48,103.24,31.36,30.69,17.0,47.04,18.9,0.22001704810460454,0.03874213836477988,0.19781567350067056,0.057641760867567324,0.06258667101721184,0.035527690700104496,0.10690909090909093,0.07352941176470587
2007-12-01,145.0,-0.011363636363636364,4.976733742420574,-0.2621850867052019,26.6,26.8,26.9,26.6,26.964913723592968,26.82056637145345,26.725,27.8,28.2,27.8,28.1,27.99352443154329,27.88116838921541,27.975,25.9,26.3,26.4,25.9,26.02505482986616,25.9629803264695,26.125,3.633333333333333,6.959999999999999,9.775,4.828571428571427,8.049999999999999,6.676,15.766666666666666,25.96,35.925,20.4,37.81666666666667,27.620000000000008,0.0,0.0,0.0,0.0,0.0,0.0,3.0,3.8,3.25,3.7142857142857135,3.0,3.4,48.0,0.15938397681131278,0.3278655953219882,0.8650967741935485,190.0,12.08,93.96,64.56,8.260000000000002,36.48,85.69,0.0,0.3055792334786175,0.02532494758909853,0.18003448936577887,0.11866556382685416,0.01684476710987846,0.07623824451410659,0.19475,0.0
2007-12-08,132.0,-0.040909090909090916,4.8828019225863715,-0.2580338728323697,26.1,26.4,26.2,25.9,26.909358168037414,26.750981861570434,26.15,27.3,27.7,27.3,27.1,27.95574665376552,27.83385092249497,27.35,24.6,24.9,24.7,24.4,25.82505482986616,25.723367579394058,24.65,21.566666666666666,20.660000000000004,21.325,18.9,17.783333333333328,19.692,110.66666666666669,123.76,135.725,105.04285714285714,104.68333333333334,114.28400000000002,0.0,0.0,0.0,0.0,0.0,0.0,3.6666666666666665,3.6,3.5,3.7142857142857135,3.6666666666666665,3.64,49.0,-0.4656160231886872,-1.1471344046780132,0.8657741935483871,148.2,10.72,80.46000000000002,49.92,8.260000000000002,11.78,45.51,0.0,0.23835180211332166,0.02247379454926625,0.15416746503161524,0.0917562724014337,0.01684476710987846,0.024618599791013586,0.10343181818181818,0.0
2007-12-15,128.0,-0.05,4.852030263919617,-0.2538826589595376,25.8,26.0,26.2,25.0,26.86046927914852,26.689747492873373,25.75,27.0,27.2,27.1,26.2,27.71685776487662,27.534637529997987,26.875000000000004,25.1,25.0,24.8,24.3,25.578388163199488,25.427845191334356,24.8,23.73333333333333,19.08,18.825000000000006,22.357142857142854,21.45,21.084,65.7,58.24,86.69999999999997,59.68571428571428,52.11666666666667,62.62400000000002,0.03333333333333333,0.02,0.0,0.5428571428571429,0.3833333333333333,0.252,5.0,4.6,4.0,5.7142857142857135,5.333333333333333,5.04,50.0,-0.9406160231886852,-0.9971344046780112,0.8664516129032258,161.88,13.2,99.09,35.04,12.740000000000002,0.0,88.15,0.0,0.2603535069237821,0.027672955974842768,0.18986395861276106,0.06440584505100634,0.02598091198303288,0.0,0.2003409090909091,0.0
2007-12-22,97.0,-0.12045454545454545,4.574710978503383,-0.24973144508670544,25.8,26.3,26.1,25.3,26.427135945815195,26.14698831578584,25.875,27.0,27.6,27.6,26.2,27.541302209321074,27.314750478767657,27.1,24.4,24.8,24.9,23.8,25.03727705208838,24.77955959230249,24.475,8.233333333333333,7.659999999999998,7.725,13.542857142857144,6.1000000000000005,9.012,27.6,21.76,23.725,34.7,21.216666666666672,26.268,0.0,0.0,0.05,3.0,0.2833333333333333,0.916,4.666666666666667,4.6,4.0,7.0,5.0,5.28,51.0,-0.7156160231886872,-1.3221344046780141,0.8671290322580645,178.6,13.6,91.26,46.8,14.000000000000002,29.64,14.35,0.0,0.28724447946990045,0.02851153039832285,0.17486108449894613,0.08602150537634409,0.028550452728607564,0.0619435736677116,0.032613636363636365,0.0
2007-12-29,122.0,-0.06363636363636363,4.804021044733257,-0.2455802312138733,27.0,27.3,27.0,26.7,26.28269150137075,25.96606859009,27.0,27.6,27.8,27.5,27.5,27.090191098209967,26.749724258517567,27.6,26.7,26.6,26.4,26.0,25.179499274310604,24.94995087911169,26.425,4.866666666666667,6.780000000000001,5.975,0.9428571428571428,1.7166666666666668,3.572,22.3,29.079999999999995,24.0,6.085714285714286,7.2666666666666675,15.779999999999998,0.0,0.0,0.0,0.0,0.0,0.0,1.0,1.4,1.5,1.2857142857142858,1.5,1.36,52.0,-0.2156160231886872,0.6278655953219854,0.8678064516129033,161.24,12.48,88.89,39.44,19.48,36.67,52.48,21.0,0.2593241874004857,0.026163522012578617,0.17031998467139295,0.07249333700946604,0.03972591565380537,0.07663531870428422,0.11927272727272728,0.08169934640522875
2008-01-05,116.0,-0.07727272727272727,4.7535901911063645,-0.2404332947976877,26.2,26.5,26.1,25.8,26.56346073213998,26.43366262087749,26.15,27.5,27.9,27.3,27.1,27.32792614094501,26.878431129177407,27.450000000000006,25.5,25.6,25.1,24.9,25.650909530720863,25.559629216331572,25.275,5.666666666666668,4.9,6.45,3.4000000000000012,6.2,5.132000000000001,34.36666666666667,22.3,28.275,17.599999999999994,26.96666666666667,24.50800000000001,0.0,0.0,0.0,0.0,0.0,0.0,3.0,2.0,4.25,3.2857142857142856,2.0,2.84,1.0,-0.13708416488512046,-0.4605470000395933,0.8667096774193549,142.12,34.45,55.8,31.46,0.0,62.62000000000001,57.4,0.0,0.2285732666420059,0.07222222222222223,0.106917033914543,0.05782556750298686,0.0,0.13086729362591432,0.13045454545454546,0.0
2008-01-12,120.0,-0.06818181818181818,4.787491742782046,-0.2348879768786123,26.1,26.2,26.0,26.1,26.265127398806644,26.09248674350759,26.1,26.5,26.6,26.9,26.8,27.51292614094501,27.145408741117702,26.7,25.5,25.3,25.1,25.5,25.159242864054193,24.99735612234205,25.35,7.8,18.76,27.55,5.8,13.566666666666665,13.976,29.76666666666667,71.2,121.2,27.9,54.68333333333333,58.13999999999999,0.0,0.0,0.0,0.0,0.016666666666666666,0.004,2.333333333333333,4.6,5.5,2.571428571428572,5.166666666666667,4.04,2.0,-0.887084164885124,-0.3855470000395904,0.8649032258064515,143.44,40.17,56.10000000000001,45.540000000000006,5.68,68.2,126.28,19.53,0.2306962381588047,0.08421383647798743,0.10749185667752442,0.08370554177005791,0.011583326535606493,0.1425287356321839,0.287,0.07598039215686272
2008-01-19,105.0,-0.10227272727272728,4.653960350157523,-0.229342774566474,26.4,26.8,26.8,26.6,26.41512739880665,26.26402768743659,26.65,27.8,28.0,28.1,27.8,27.13292614094501,26.597022294970063,27.925,25.6,26.2,26.1,25.7,25.08090953072086,24.907773629401355,25.9,9.566666666666666,9.4,11.575,4.942857142857143,9.966666666666667,8.655999999999999,33.166666666666664,31.840000000000003,44.275,22.45714285714286,55.58333333333334,37.06,0.06666666666666668,0.0,0.0,0.0,0.0,0.008,4.333333333333333,3.0,3.5,2.571428571428572,2.6666666666666665,3.04,3.0,0.33791583511487744,0.1644529999604103,0.8630967741935485,164.56,40.43,80.39999999999998,27.94,5.84,69.44,97.58,0.0,0.26466378242758576,0.08475890985324948,0.15405250047901892,0.0513555739362191,0.011909617423933436,0.1451201671891327,0.2217727272727273,0.0
2008-01-26,131.0,-0.04318181818181818,4.875197323201151,-0.22379745664739864,27.4,27.3,27.5,26.7,26.171794065473307,25.98575015617398,27.225,28.1,27.6,27.8,27.4,26.97292614094501,26.366122738697378,27.725,26.8,26.8,27.2,26.2,25.02257619738752,24.841063262317853,26.75,4.033333333333334,0.6799999999999999,0.425,3.071428571428572,1.05,1.8000000000000005,18.266666666666673,2.96,2.725,13.171428571428573,5.783333333333334,8.296,0.0,0.0,0.0,0.0,0.0,0.0,2.0,1.6,1.25,1.4285714285714286,1.5,1.52,4.0,0.13791583511487815,1.0144529999604082,0.8612903225806451,121.78,59.16,81.57,7.7,5.76,0.0,112.23999999999998,0.0,0.1958602055422423,0.1240251572327044,0.15629430925464646,0.014153110927304478,0.011746471979769964,0.0,0.25509090909090903,0.0
2008-02-02,110.0,-0.09090909090909093,4.700480365792417,-0.21825225433526035,26.4,26.7,26.9,26.4,26.295127398806642,26.126794932293393,26.6,27.5,27.4,27.9,27.4,27.06125947427834,26.493598535389584,27.55,24.5,25.0,24.8,24.9,25.352576197387524,25.21845333896165,24.8,3.333333333333333,6.7,10.225,9.2,7.399999999999999,7.7280000000000015,10.733333333333334,29.7,51.425,38.614285714285714,27.33333333333333,32.828,0.0,0.0,0.0,0.0,0.0,0.0,2.6666666666666665,2.8,2.25,2.4285714285714284,2.5,2.52,5.0,-0.21115947288005546,-1.5441374989389733,0.8578620689655172,111.34,49.68,79.75,89.08,35.099999999999994,31.49,19.0,0.0,0.17906943081846985,0.1041509433962264,0.15280705115922588,0.16373495083172504,0.07158006362672321,0.06580982236154649,0.04318181818181818,0.0
2008-02-09,68.0,-0.1863636363636364,4.219507705176107,-0.21270693641618496,27.2,26.6,26.5,26.7,26.605127398806648,26.48131288308,26.75,27.4,27.5,27.5,27.5,27.05792614094501,26.48878812796724,27.475,27.1,24.6,24.3,25.1,26.105909530720858,26.07997007958288,25.275,0.6,2.1,2.55,1.1142857142857143,2.6666666666666665,1.852,4.1000000000000005,14.68,17.625,5.828571428571429,18.366666666666667,12.288,0.0,0.0,0.0,0.0,0.0,0.0,1.0,1.2,1.5,1.0,1.0,1.12,6.0,-0.2861594728800512,-1.0691374989389717,0.8503793103448277,118.56,36.96,64.38,22.78,0.0,47.0,25.08,41.36,0.1906814416906573,0.07748427672955975,0.12335696493581146,0.041871151548570906,0.0,0.09822361546499478,0.057,0.1609088079676315
2008-02-16,103.0,-0.1068181818181818,4.634728988229637,-0.2071616184971096,26.7,27.1,26.9,26.5,26.75846073213997,26.65666584798519,26.8,27.0,27.3,27.2,27.0,27.48959280761168,27.111735889161267,27.125,26.3,26.8,26.6,26.2,25.890909530720855,25.83409472661797,26.475,0.0,0.0,0.0,0.08571428571428573,0.0,0.024,0.0,0.0,0.0,0.6285714285714287,0.0,0.17600000000000002,0.0,0.0,0.0,0.0,0.0,0.0,0.0,0.0,0.0,0.42857142857142855,0.0,0.12,7.0,-0.6361594728800526,0.13086250106103134,0.8428965517241379,80.17999999999998,35.76,55.1,25.160000000000004,0.0,91.65,16.53,0.0,0.12895443652797658,0.07496855345911949,0.1055757808009197,0.046245749471555936,0.0,0.19153605015673986,0.03756818181818182,0.0
2008-02-23,110.0,-0.09090909090909093,4.700480365792417,-0.2016164161849713,27.0,27.3,27.1,26.9,27.055127398806647,26.99593571486701,27.075000000000006,27.1,27.7,27.4,27.1,27.87959280761167,27.674553557575948,27.325,26.7,27.0,26.8,26.5,26.160909530720858,26.142868425690175,26.75,1.5666666666666664,0.36,1.075,0.21428571428571427,0.06666666666666668,0.5079999999999999,10.9,2.2,7.625000000000001,1.5,0.5333333333333333,3.516,0.0,0.0,0.0,0.0,0.0,0.0,1.0,1.2,0.75,0.5714285714285714,0.8333333333333334,0.84,8.0,-0.4361594728800569,0.40586250106103,0.8354137931034483,106.4,32.279999999999994,44.37,75.82000000000002,25.38,31.02,16.72,85.36,0.17112437074802578,0.06767295597484277,0.08501628664495113,0.13936219097509422,0.051757892160861414,0.06482758620689655,0.038,0.3320883909119203
2008-03-01,88.0,-0.1409090909090909,4.477336814478207,-0.19607109826589594,26.3,26.6,26.6,26.6,27.208460732139983,27.17128867977221,26.525,27.5,27.7,27.6,28.0,27.81125947427834,27.57594020541782,27.700000000000006,24.6,25.1,25.1,24.7,26.3542428640542,26.363965642309786,24.875000000000004,8.166666666666666,7.459999999999999,6.625,9.085714285714284,8.066666666666666,8.011999999999999,31.83333333333333,33.7,37.9,49.10000000000001,44.65,41.088,0.0,0.0,0.0,0.0,0.0,0.0,3.0,2.8,3.0,3.0,2.833333333333333,2.92,9.0,-0.6890749059257892,-1.810153917557436,0.8303548387096775,121.6,8.8,80.4,62.25,0.0,0.0,78.44,10.07,0.1955707094263152,0.018448637316561847,0.15405250047901894,0.11441963054866283,0.0,0.0,0.17827272727272728,0.039176781823840635
2008-03-08,72.0,-0.17727272727272728,4.276666119016055,-0.1905257803468206,25.6,25.9,25.9,25.8,27.201794065473308,27.16366463781981,25.8,27.1,27.3,27.4,27.6,27.927926140945004,27.744304465199985,27.35,24.3,24.9,24.8,24.8,26.209242864054193,26.19814272984508,24.7,5.1000000000000005,5.62,11.5,4.928571428571429,7.533333333333332,6.763999999999999,17.766666666666666,20.0,40.0,19.214285714285715,21.15,22.988,0.0,0.0,0.0,0.0,0.0,0.0,5.333333333333333,5.0,5.0,5.142857142857143,5.0,5.08,10.0,-1.0390749059257909,-1.98515391755744,0.8398387096774194,137.94,17.2,72.0,39.25,0.0,9.23,58.46,38.19000000000001,0.2218505235054763,0.036058700209643614,0.13795746311553936,0.07214410440216892,0.0,0.01928944618599791,0.13286363636363638,0.14857609710550887
2008-03-15,74.0,-0.17272727272727273,4.30406509320417,-0.1849805780346823,24.9,25.5,25.5,24.7,27.02179406547332,26.957815505105014,25.15,26.9,27.6,27.4,25.8,28.05459280761168,27.92709994724921,26.925,23.4,23.8,23.7,23.4,25.742576197387525,25.664459793177066,23.575000000000006,34.96666666666667,28.68,25.575000000000006,20.385714285714286,19.516666666666673,24.416,99.0,80.2,69.15,53.49999999999999,62.85,69.048,0.5666666666666667,0.0,0.0,0.5857142857142857,0.0,0.23200000000000004,5.666666666666668,5.0,5.0,6.7142857142857135,5.166666666666667,5.6,11.0,-1.4640749059257914,-3.1101539175574366,0.8493225806451613,128.06,18.15,79.8,26.75,25.76,34.97,22.2,9.69,0.2059604033645882,0.03805031446540881,0.1529028549530561,0.04916827497472659,0.0525328330206379,0.07308254963427377,0.05045454545454545,0.037698412698412696
2008-03-22,67.0,-0.18863636363636366,4.204692619390967,-0.17943526011560693,26.3,26.7,26.9,26.6,27.430127398806647,27.424788074689516,26.625,27.5,27.6,27.8,27.2,28.249592807611677,28.208508781456537,27.525,24.7,25.5,25.9,25.6,26.275909530720863,26.274383149369086,25.425,18.233333333333334,15.28,11.125,9.271428571428572,8.866666666666664,11.748,65.03333333333333,68.64000000000001,51.5,34.114285714285714,30.33333333333333,46.604,0.0,0.0,0.0,0.014285714285714287,0.0,0.004,2.0,3.0,2.0,3.2857142857142856,3.1666666666666665,2.84,12.0,-0.8640749059257901,-1.2601539175574423,0.8588064516129031,180.88,18.700000000000006,92.4,93.5,16.0,19.76,60.31,10.07,0.29091143027164384,0.03920335429769393,0.17704541099827548,0.17185920411726865,0.032629088832694345,0.0412957157784744,0.1370681818181818,0.039176781823840635
2008-03-29,86.0,-0.14545454545454545,4.4543472962535064,-0.1738899421965316,26.4,27.3,27.6,26.9,27.835127398806637,27.887948623297817,27.050000000000004,26.9,28.3,28.7,27.2,28.47792614094501,28.538021689887362,27.775,26.0,26.6,26.8,26.6,26.92257619738753,27.013915218751887,26.5,5.933333333333333,5.32,2.0,12.957142857142856,9.416666666666666,7.984000000000001,24.7,27.4,10.675,60.2,57.21666666666667,40.74,0.0,0.0,0.0,0.0,0.0,0.0,4.333333333333333,3.2,1.75,4.285714285714286,1.5,3.0,13.0,-0.6140749059257901,-0.18515391755743948,0.8682903225806452,163.8,10.95,127.0,86.45,10.88,9.36,59.28,27.74,0.2634414654936713,0.02295597484276729,0.2433416363287985,0.15890083632019114,0.02218778040623216,0.01956112852664577,0.13472727272727272,0.10792094615624027
2008-04-05,77.0,-0.16590909090909092,4.343805421853683,-0.16834473988439327,27.1,27.5,27.9,26.8,27.85179406547331,27.907008728178816,27.325,27.8,28.2,28.2,27.2,28.66292614094501,28.804999301827664,27.85,26.7,27.0,27.3,26.4,26.444242864054193,26.466890208667177,26.85,7.233333333333333,12.02,6.5,13.657142857142857,12.166666666666664,11.056,24.366666666666664,60.05999999999999,32.85,81.67142857142858,69.61666666666666,59.768,0.0,0.0,0.0,0.0,0.0,0.0,2.333333333333333,1.6,1.5,2.7142857142857144,1.8333333333333333,2.04,14.0,-0.9319241547166506,-0.04235640114876915,0.8625,191.2,10.89,112.7,55.040000000000006,51.74,29.26,41.73,37.24,0.3075092075847983,0.022830188679245283,0.2159417512933512,0.1011671721349141,0.10551431601272536,0.06114942528735633,0.0948409090909091,0.144880174291939
2008-04-12,97.0,-0.12045454545454545,4.574710978503383,-0.1627994219653179,26.6,27.2,27.6,26.2,27.63346073213998,27.65732135423772,26.9,27.5,28.0,28.7,26.8,28.641259474278346,28.773731653582395,27.75,25.3,26.0,26.5,25.7,26.70590953072086,26.76613385529889,25.875,12.166666666666664,10.88,11.275,10.985714285714288,15.749999999999998,12.296,65.36666666666666,34.84,43.325,35.68571428571429,47.03333333333333,43.02400000000001,0.0,0.0,0.0,0.07142857142857142,0.0,0.02,3.6666666666666665,3.0,3.5,3.571428571428572,2.1666666666666665,3.12,15.0,-1.031924154716652,-1.0173564011487706,0.8506,189.6,9.18,145.95,50.24,0.0,110.2,46.02,0.0,0.3049359087765573,0.019245283018867926,0.2796512741904579,0.09234445363477622,0.0,0.2303030303030303,0.10459090909090908,0.0
2008-04-19,104.0,-0.10454545454545454,4.6443908991413725,-0.15725421965317962,26.8,27.5,27.9,27.0,27.99346073213997,28.06901961966732,27.3,27.3,27.9,28.1,27.3,28.87292614094501,29.108054969435567,27.65,26.3,26.9,27.4,26.6,26.79757619738753,26.87096443214439,26.8,7.466666666666666,18.82,11.375,8.299999999999999,13.466666666666667,12.036,28.0,66.86,43.5,36.81428571428571,64.85000000000001,49.56400000000001,0.0,0.0,0.0,0.0,0.0,0.0,3.6666666666666665,4.6,3.75,2.8571428571428568,3.0,3.48,16.0,-1.13192415471665,-0.0923564011487734,0.8387,169.2,19.71,177.79999999999995,19.84,0.0,91.96,78.0,0.0,0.27212634897148463,0.041320754716981135,0.34067829086031803,0.03646723646723647,0.0,0.192183908045977,0.17727272727272728,0.0
2008-04-26,88.0,-0.1409090909090909,4.477336814478207,-0.15170890173410426,27.6,27.8,28.1,27.2,28.076794065473308,28.164320144072324,27.675,28.5,28.9,29.3,27.8,28.821259474278346,29.033493654389176,28.625,26.7,26.2,26.4,25.5,26.674242864054193,26.729919656024986,26.2,6.7666666666666675,6.6,3.35,4.585714285714286,4.999999999999999,5.151999999999999,30.83333333333333,32.2,18.125,25.52857142857143,28.53333333333333,27.036,0.0,0.0,0.0,0.0,0.0,0.0,2.0,2.8,1.75,2.8571428571428568,2.0,2.36,17.0,-0.15692415471665197,-0.6923564011487713,0.8268,188.87,28.35,157.41000000000003,22.4,56.93000000000001,189.67,92.82,0.0,0.3037618411952973,0.05943396226415095,0.30160950373634793,0.041172686333976666,0.1160983767028306,0.39638453500522464,0.21095454545454548,0.0
2008-05-03,117.0,-0.075,4.762173934797756,-0.1461635838150289,28.5,29.2,29.3,28.5,28.336794065473317,28.46165778021593,28.875,28.8,29.5,29.6,28.9,29.384592807611675,29.84645250876594,29.200000000000006,28.1,28.9,28.7,28.4,27.03090953072086,27.13780590047839,28.525,0.13333333333333333,0.18,0.2,0.2285714285714286,0.06666666666666668,0.16399999999999998,0.9666666666666668,1.24,1.3,1.7285714285714289,0.45,1.164,0.0,0.0,0.0,0.0,0.0,0.0,1.0,0.8,1.25,0.7142857142857143,0.5,0.8,18.0,-0.16163992818031048,1.1795619316490369,0.8171935483870968,226.61,20.76,157.70000000000005,23.04,13.43,56.98,86.48,0.0,0.3644595268346817,0.04352201257861636,0.3021651657405633,0.0423490488006617,0.027388041438942818,0.11908045977011494,0.19654545454545452,0.0
2008-05-10,108.0,-0.09545454545454546,4.68213122712422,-0.1406183815028906,27.1,28.0,28.6,27.3,28.37346073213998,28.503590010954127,27.75,28.5,29.1,29.4,28.3,29.30959280761168,29.738218341763115,28.825,26.1,27.1,27.2,26.2,27.134242864054194,27.255978550740593,26.65,9.1,6.519999999999999,3.45,7.2142857142857135,4.766666666666667,6.112,36.8,23.62,10.075,29.557142857142853,22.45,24.415999999999997,0.0,0.0,0.0,0.0,0.0,0.0,4.0,4.2,3.5,3.571428571428572,2.6666666666666665,3.52,19.0,-0.5366399281803139,-0.6954380683509598,0.8106451612903226,162.54,24.96,133.0,44.16,13.260000000000002,54.39,55.46,0.0,0.2614149926821815,0.052327044025157234,0.25483809158842685,0.08116901020126828,0.02704135737009544,0.11366771159874607,0.12604545454545454,0.0
2008-05-17,146.0,-0.00909090909090909,4.9836066217083355,-0.13507306358381524,27.3,28.2,28.6,27.9,28.523460732139977,28.675130954883137,28.0,28.7,29.5,29.7,28.9,29.37459280761168,29.8320212864989,29.200000000000006,25.0,25.9,26.5,26.6,27.195909530720854,27.326500938800287,26.0,5.266666666666667,5.44,5.175,4.1,6.7,5.304000000000001,36.833333333333336,37.68,35.7,28.17142857142857,43.2,35.924,0.0,0.0,0.0,0.0,0.0,0.0,1.0,1.0,1.0,1.2857142857142858,1.1666666666666667,1.12,20.0,-0.16163992818031048,-1.345438068350962,0.8040967741935483,158.67000000000004,30.36,69.92000000000002,16.799999999999994,0.0,55.87000000000001,52.17,0.0,0.25519082618974864,0.06364779874213836,0.1339720252922016,0.03087951475048249,0.0,0.116760710553814,0.11856818181818182,0.0
2008-05-24,132.0,-0.040909090909090916,4.8828019225863715,-0.12952774566473987,29.1,29.3,29.6,28.6,28.420127398806642,28.556958304620927,29.15,29.8,29.9,30.0,29.4,29.37959280761168,29.83923689763243,29.775,28.0,28.6,29.2,27.7,27.414242864054195,27.576188312741397,28.375,0.6999999999999998,0.28,0.925,0.4714285714285715,1.7666666666666666,0.8439999999999999,4.8,1.5799999999999998,4.800000000000002,2.9857142857142853,12.166666666666664,5.416,0.0,0.0,0.0,0.0,0.0,0.0,1.0,0.8,0.75,1.1428571428571428,1.1666666666666667,1.0,21.0,0.4133600718196853,1.0295619316490379,0.7975483870967741,166.84,20.16,131.48,31.92,26.01,54.02,122.2,0.0,0.2683307332293292,0.042264150943396216,0.2519256562559877,0.058671078025916736,0.05304266253364875,0.11289446185997908,0.2777272727272727,0.0
2008-05-31,145.0,-0.011363636363636364,4.976733742420574,-0.1239825433526016,26.2,27.2,28.0,26.6,28.175127398806644,28.276774762870225,27.0,26.5,28.0,29.0,27.1,29.021259474278345,29.322118099730048,27.65,25.9,26.4,27.0,25.6,27.189242864054194,27.318876896847897,26.225,8.366666666666667,5.18,7.3,13.114285714285714,11.783333333333333,9.708,21.066666666666666,17.4,31.225,38.92857142857143,35.01666666666667,30.308000000000003,1.2,0.18,0.0,0.35714285714285715,0.4,0.376,7.0,4.4,2.5,6.2857142857142865,6.166666666666668,5.36,22.0,-1.7116399281803147,-1.1204380683509605,0.7909999999999999,175.87,25.77,90.84,81.36,0.0,65.88,106.64,0.0,0.2828537883783393,0.0540251572327044,0.17405633263077214,0.14954507857733665,0.0,0.13768025078369905,0.24236363636363634,0.0
2008-06-07,174.0,0.054545454545454536,5.159055299214528,-0.11843722543352622,26.4,27.2,27.5,26.0,28.035127398806644,28.11666988186982,26.775,27.2,27.8,28.4,26.5,29.181259474278345,29.55301765600273,27.475,25.2,26.0,26.0,25.3,26.477576197387524,26.50501041842918,25.625,7.7,4.7799999999999985,5.874999999999999,11.257142857142856,10.6,8.516,28.8,26.58,27.55,54.25714285714286,67.83333333333333,44.652,0.0,0.0,0.0,0.05714285714285715,0.0,0.016,3.6666666666666665,3.2,3.25,2.2857142857142856,1.5,2.6,23.0,-1.726529650275129,-1.4293535082918039,0.7966,159.96,21.6,49.6,74.99999999999999,0.0,44.82,183.0,0.0,0.2572655483538929,0.04528301886792453,0.09503736347959378,0.13785497656465398,0.0,0.09366771159874608,0.4159090909090909,0.0
2008-06-14,165.0,0.03409090909090909,5.105945473900579,-0.11289190751445087,27.6,27.9,28.2,27.5,28.70846073213998,28.886698119062235,27.8,28.7,29.2,29.2,28.5,29.45292614094501,29.94506586092407,28.9,26.2,26.1,25.8,25.9,27.242576197387525,27.37986923246709,26.0,3.9,7.7799999999999985,3.975,2.733333333333334,2.4166666666666665,4.058333333333334,16.466666666666665,40.50000000000001,22.275,10.333333333333334,11.566666666666668,19.683333333333326,0.0,0.0,0.0,0.0,0.0,0.0,2.0,2.0,2.0,2.0,2.0,2.0,24.0,-0.3015296502751319,-1.054353508291804,0.8022,146.2,16.29,50.56,46.5,23.0,44.82,177.6,0.0,0.2351351786030204,0.034150943396226416,0.09687679632113427,0.08547008547008547,0.04690431519699812,0.09366771159874608,0.4036363636363636,0.0
2008-06-21,155.0,0.011363636363636364,5.043425116919247,-0.10734670520231256,27.6,28.1,28.5,27.2,28.94179406547331,29.15353958739624,27.85,28.3,28.7,29.3,28.2,29.75459280761167,30.380407732646532,28.625,26.9,27.2,27.7,26.0,27.697576197387523,27.900210095718407,26.95,12.666666666666664,5.380000000000001,6.5,17.771428571428572,10.333333333333334,11.092000000000002,41.766666666666666,25.98,33.65,70.0142857142857,40.91666666666666,45.01600000000001,0.0,0.0,0.0,0.0,0.0,0.0,2.333333333333333,1.2,2.25,2.142857142857143,3.1666666666666665,2.24,25.0,-0.5765296502751305,-0.1043535082918048,0.8078,144.48000000000005,31.32,56.0,69.89999999999999,0.0,13.77,55.2,0.0,0.23236888238416134,0.06566037735849056,0.10730024908986394,0.1284808381582575,0.0,0.02877742946708464,0.12545454545454546,0.0
2008-06-28,132.0,-0.040909090909090916,4.8828019225863715,-0.1018013872832372,27.8,28.2,28.5,27.0,28.363460732139977,28.492153948025532,27.875,29.1,29.6,29.6,28.5,29.297926140945005,29.721381915784892,29.200000000000006,25.8,25.9,26.3,25.5,26.844242864054195,26.92433272581119,25.875,1.3333333333333333,0.58,1.0,1.7142857142857142,2.333333333333333,1.4760000000000002,5.533333333333334,3.72,5.625,8.942857142857143,12.33333333333333,7.7719999999999985,0.0,0.0,0.0,0.0,0.0,0.0,1.0,1.0,1.0,1.4285714285714286,1.0,1.12,26.0,-0.0015296502751276366,-1.1793535082918039,0.8134,183.5,18.75,58.14,52.13999999999999,23.0,59.08,60.76,0.0,0.2951252070701385,0.03930817610062893,0.11140065146579804,0.09583677970774744,0.04690431519699812,0.12346917450365726,0.1380909090909091,0.0
2008-07-05,158.0,0.01818181818181818,5.062595033026967,-0.09625606936416184,27.4,28.0,28.4,27.3,27.94179406547331,28.009933294536218,27.775,28.5,29.0,29.1,28.0,28.72292614094501,28.89158663542993,28.65,26.4,26.9,27.5,26.4,26.899242864054195,26.987231071918487,26.8,1.5,3.78,1.75,3.3714285714285714,7.983333333333333,4.0760000000000005,7.133333333333333,18.72,8.55,15.985714285714286,28.75,17.344,0.0,0.0,0.0,0.0,0.0,0.0,2.6666666666666665,1.6,1.25,1.7142857142857142,2.333333333333333,1.88,27.0,-0.21692355014481635,-0.048210452795412806,0.8146774193548387,143.55,27.94,121.79999999999998,34.85,0.0,19.6,43.86,0.0,0.2308731524518713,0.05857442348008386,0.23337804177045404,0.06405661244370922,0.0,0.040961337513061656,0.09968181818181818,0.0
2008-07-12,130.0,-0.045454545454545456,4.867534450455582,-0.09071086705202357,27.0,27.5,27.7,27.0,27.593460732139977,27.611577102523317,27.3,27.4,28.3,28.9,27.4,28.54625947427834,28.636635042045487,28.0,26.3,27.0,27.2,26.5,26.22090953072086,26.211484803261772,26.75,4.266666666666667,5.7200000000000015,3.875,7.449999999999998,7.233333333333333,6.041666666666668,25.23333333333333,25.44,17.6,37.88333333333333,28.53333333333333,27.99166666666667,0.0,0.0,0.0,0.0,0.0,0.0,3.6666666666666665,4.4,4.0,3.333333333333333,4.5,4.0,28.0,-0.8669235501448149,-0.09821045279540996,0.8142258064516129,172.8,42.13,96.6,41.48,26.68,65.24000000000001,135.02,24.48,0.2779162712900269,0.08832285115303984,0.1850929296800153,0.07624299237202463,0.054409005628517824,0.13634273772204808,0.3068636363636364,0.09523809523809523
2008-07-19,127.0,-0.05227272727272727,4.84418708645859,-0.08516554913294819,27.6,27.8,27.9,27.4,27.67346073213998,27.70306560595212,27.675000000000004,28.5,28.9,29.0,27.4,28.55292614094501,28.646255856890193,28.450000000000006,26.4,26.5,26.9,27.4,26.627576197387533,26.676551362358182,26.8,3.8,4.6,5.225,3.9857142857142858,2.2666666666666666,3.872,12.633333333333335,19.76,20.75,24.54285714285714,10.066666666666668,18.076,0.0,0.0,0.0,0.0,0.0,0.0,3.0,2.6,2.75,2.0,2.6666666666666665,2.52,29.0,-0.4169235501448121,-0.048210452795412806,0.8137741935483871,166.5,39.93,106.2,29.07,0.0,46.48,102.34,17.0,0.26778390723257794,0.08371069182389937,0.2034872580954205,0.05343258891645989,0.0,0.09713688610240337,0.2325909090909091,0.06613756613756612
2008-07-26,122.0,-0.06363636363636363,4.804021044733257,-0.07962034682080882,25.8,26.3,26.7,25.6,28.253460732139978,28.36635725581093,26.1,26.9,27.1,27.7,26.8,28.966259474278345,29.2427463772613,27.125,24.8,25.3,25.7,24.5,27.020909530720857,27.126369837549795,25.075,10.033333333333333,7.94,4.825,7.471428571428571,11.833333333333336,8.495999999999999,39.73333333333333,30.24,15.575,27.857142857142854,47.11666666666667,32.416000000000004,0.03333333333333333,0.0,0.025,0.07142857142857142,0.0,0.028,6.0,5.8,6.25,6.2857142857142865,5.5,5.96,30.0,-1.741923550144815,-1.773210452795411,0.8133225806451613,174.5,23.87,75.60000000000002,14.28,12.19,20.44,58.91,0.0,0.2806504012737829,0.050041928721174016,0.14485533627131633,0.02624758753791012,0.02485928705440901,0.04271682340647858,0.13388636363636364,0.0
2008-08-02,150.0,0.0,5.010635294096256,-0.07407502890173454,28.3,28.6,28.7,28.2,27.720127398806643,27.756433899618923,28.450000000000006,29.1,29.2,29.1,28.6,28.659592807611673,28.80018889440531,29.0,27.2,27.6,27.7,27.2,26.2142428640542,26.20386076130938,27.425,0.0,0.0,0.025,0.0,0.0,0.004,0.0,0.0,0.2,0.0,0.0,0.032,0.0,0.0,0.0,0.0,0.0,0.0,0.0,0.0,0.25,0.0,0.0,0.04,31.0,0.24934164245842186,0.6093414881901715,0.8146129032258064,165.23,14.3,126.0,24.96,57.73,56.24,75.92,0.0,0.26574135130353665,0.029979035639413,0.2414255604521939,0.04587813620071685,0.1177298311444653,0.11753396029258098,0.17254545454545456,0.0
2008-08-09,154.0,0.00909090909090909,5.0369526024136295,-0.06852971098265917,28.1,28.2,28.2,27.8,27.74679406547331,27.786930067428518,28.075,29.0,29.0,28.9,28.4,28.43959280761167,28.48270200453036,28.825000000000006,27.0,27.1,27.0,26.9,26.54757619738753,26.585062858929387,27.0,3.5,6.76,10.525,3.8142857142857145,2.4833333333333334,5.119999999999999,18.5,34.7,63.75,24.042857142857148,14.5,29.571999999999992,0.0,0.0,0.0,0.0,0.0,0.0,2.333333333333333,1.8,2.0,1.0,1.0,1.48,32.0,0.07434164245842467,0.1843414881901708,0.8202580645161289,143.09,23.0,102.9,47.76,38.87000000000001,42.56,94.12,86.7,0.23013332904450196,0.048218029350104816,0.197164207702625,0.08778604907637166,0.07926829268292683,0.08894461859979101,0.2139090909090909,0.3373015873015873
2008-08-16,133.0,-0.038636363636363635,4.890349128221754,-0.0629845086705198,27.3,27.6,27.9,26.9,27.326794065473308,27.30661542442731,27.425000000000004,28.7,28.9,28.9,28.5,28.166259474278345,28.088248595897856,28.75,25.7,26.1,26.8,26.0,25.854242864054193,25.792162495879765,26.15,2.8000000000000003,3.2,3.1,1.2428571428571429,2.2000000000000006,2.3480000000000003,15.1,14.38,13.725,7.014285714285713,12.3,11.800000000000002,0.0,0.0,0.0,0.0,0.0,0.0,1.6666666666666667,1.4,1.25,1.5714285714285714,1.0,1.36,33.0,-0.0006583575415781695,-0.6656585118098306,0.8259032258064516,200.9,25.6,150.6,70.32,38.64,17.86,112.84,0.0,0.3231098316097593,0.053668763102725364,0.2885610270166698,0.12925282602701954,0.07879924953095685,0.03732497387669801,0.25645454545454544,0.0
2008-08-23,162.0,0.027272727272727268,5.087596335232384,-0.057439190751445525,25.9,26.4,26.9,25.5,27.913460732139978,27.977531116238524,26.175,26.6,27.1,28.3,26.5,28.57292614094501,28.67511830142427,27.125,24.6,24.9,24.9,24.3,26.874242864054192,26.958640914596987,24.675,6.2666666666666675,8.979999999999997,10.7,7.642857142857142,10.916666666666664,9.019999999999998,18.866666666666664,23.440000000000005,29.0,21.971428571428564,24.9,23.72000000000001,0.16666666666666666,0.02,0.07500000000000001,0.0,0.06666666666666668,0.052000000000000005,6.0,4.2,5.0,3.0,4.333333333333333,4.24,34.0,-1.6256583575415782,-2.1406585118098285,0.8315483870967743,184.5,18.2,126.9,15.12,16.1,101.46,60.84,0.0,0.29673351882528903,0.03815513626834381,0.2431500287411381,0.027791563275434243,0.03283302063789869,0.21203761755485892,0.13827272727272727,0.0
2008-08-30,150.0,0.0,5.010635294096256,-0.05189387283237016,25.8,26.2,26.3,25.9,27.453460732139977,27.45147222152291,26.05,26.3,26.7,27.1,26.3,28.439592807611675,28.482702004530363,26.6,25.1,25.3,25.1,24.9,26.454242864054194,26.478326271595783,25.1,15.666666666666664,15.839999999999998,14.650000000000002,16.942857142857143,12.416666666666664,15.116,43.06666666666666,60.31999999999999,47.65000000000001,69.2,45.0,55.03200000000001,0.0,0.0,0.0,0.0,0.016666666666666666,0.004,5.0,4.2,4.25,4.142857142857143,3.0,4.0,35.0,-2.1506583575415803,-1.7156585118098278,0.8371935483870968,142.05,20.0,103.64,61.2,34.99,42.92,96.32,0.0,0.22846068481914536,0.0419287211740042,0.19858210385131247,0.11248966087675767,0.07135573864099845,0.08969696969696969,0.2189090909090909,0.0
2008-09-06,143.0,-0.01590909090909091,4.962844630259907,-0.046348670520230784,26.2,26.2,26.9,26.0,27.346794065473308,27.329487550284508,26.325,26.9,27.0,27.5,26.9,28.386259474278344,28.4057354857728,27.075000000000006,25.5,25.7,26.2,25.2,25.994242864054193,25.952267376880172,25.65,13.266666666666666,17.34,12.75,16.314285714285713,13.500000000000002,14.908,63.23333333333333,58.8,42.85,65.47142857142856,44.93333333333334,55.32000000000002,0.3,0.54,0.5,0.028571428571428574,0.03333333333333333,0.24000000000000005,5.666666666666668,6.2,6.75,5.428571428571429,5.333333333333333,5.8,36.0,-1.69488043694993,-0.8427855021823021,0.8358,146.4,21.12,87.36,85.44,17.28,14.499999999999998,147.92,31.36,0.23545684095405056,0.04427672955974842,0.16738838858018776,0.15704438930245382,0.0352394159393099,0.0303030303030303,0.3361818181818181,0.12200435729847492
2008-09-13,119.0,-0.07045454545454545,4.7791234931115305,-0.0408033526011565,27.0,27.6,27.5,27.2,27.68679406547332,27.71831368985692,27.325,27.7,28.3,28.2,28.0,28.56625947427834,28.66549748657957,28.05,26.4,26.7,26.7,26.3,26.360909530720857,26.37158968426218,26.525,8.266666666666667,4.2799999999999985,3.05,8.528571428571428,3.216666666666667,5.495999999999999,41.76666666666667,18.9,14.0,47.49999999999999,15.416666666666664,28.032,0.0,0.0,0.0,0.0,0.0,0.0,3.0,2.2,2.0,2.8571428571428568,2.0,2.4,37.0,-0.7198804369499321,0.032214497817694365,0.8332333333333334,147.6,20.64,119.56,51.36,17.46,28.71,21.07,32.0,0.2373868150602313,0.043270440251572326,0.2290860318068595,0.09440308795147503,0.035606493188677715,0.06,0.04788636363636364,0.12449424214130095
2008-09-20,129.0,-0.04772727272727273,4.859812404361672,-0.035258034682081135,28.2,28.5,28.5,28.0,27.81346073213998,27.86317048695252,28.3,29.2,29.5,29.6,28.9,28.766259474278346,28.954121931920444,29.300000000000004,25.9,26.5,26.3,25.8,26.374242864054192,26.38683776816698,26.125,0.4,0.6200000000000001,1.2500000000000002,2.571428571428572,1.1333333333333335,1.364,2.066666666666667,3.04,7.45,17.12857142857143,5.75,8.224,0.0,0.0,0.0,0.0,0.0,0.0,1.3333333333333333,1.4,2.25,1.5714285714285714,1.1666666666666667,1.52,38.0,0.5301195630500715,-0.3677855021823042,0.8306666666666667,138.0,16.240000000000002,84.84,55.44,27.18,50.75,150.07,0.0,0.22194702221078536,0.034046121593291415,0.16255987737114388,0.10190239867659223,0.055428664654539515,0.10606060606060606,0.3410681818181818,0.0
2008-09-27,144.0,-0.013636363636363636,4.969813299576002,-0.02971283236994177,27.3,28.0,27.9,27.2,27.866794065473318,27.924162822571727,27.6,28.4,29.0,29.0,28.3,28.759592807611675,28.94450111707575,28.675,26.4,26.9,26.4,26.2,26.327576197387533,26.333469474500173,26.475,10.866666666666667,7.88,9.4,14.942857142857141,15.75,12.348,34.833333333333336,22.52,40.65000000000001,68.0142857142857,57.80000000000001,48.104000000000006,0.0,0.0,0.0,0.0,0.0,0.0,2.0,3.4,3.25,2.571428571428572,3.8333333333333335,3.08,39.0,-0.09488043694993208,-0.017785502182306345,0.8281000000000001,138.16,22.79,72.0,101.88,31.32,11.0,131.35,0.0,0.22220435209160944,0.047777777777777766,0.13795746311553936,0.187262200165426,0.06387144138999919,0.02298850574712644,0.2985227272727273,0.0
2008-10-04,138.0,-0.027272727272727268,4.927253685157205,-0.024167514450867483,27.1,27.4,27.6,27.0,27.860127398806643,27.91653878061932,27.275,27.8,28.1,28.1,27.2,28.90625947427834,29.156159043659038,27.8,26.3,26.6,26.7,26.8,26.520909530720857,26.554566691119785,26.6,4.966666666666668,6.68,6.15,8.428571428571429,8.716666666666667,7.367999999999999,23.4,29.8,25.3,51.44285714285714,56.8,40.852,0.0,0.0,0.0,0.0,0.0,0.0,2.6666666666666665,3.0,3.25,2.2857142857142856,2.5,2.68,40.0,-0.9826892782723108,-0.17438975791968048,0.8298387096774194,167.57999999999996,31.95,83.52,141.75,16.0,72.38,73.99000000000002,28.2,0.2695208839281406,0.0669811320754717,0.16003065721402565,0.26054590570719605,0.032629088832694345,0.15126436781609195,0.16815909090909092,0.10971055088702146
2008-10-11,178.0,0.06363636363636363,5.181783550292085,-0.01862231213872811,26.0,26.9,27.3,26.2,28.01346073213998,28.091891745524524,26.6,26.9,28.4,28.4,27.6,29.01292614094501,29.310092081174172,27.825,25.4,26.1,26.4,25.4,26.494242864054193,26.52407052331018,25.825000000000006,6.6000000000000005,4.52,2.9,11.628571428571426,3.1833333333333336,6.179999999999999,32.2,20.48,15.525000000000002,49.01428571428572,16.566666666666666,28.144,0.0,0.0,0.0,0.0,0.0,0.0,2.6666666666666665,3.2,3.5,3.8571428571428568,2.1666666666666665,3.12,41.0,-0.9576892782723156,-0.9493897579196792,0.8348064516129032,141.54,23.13,62.08,110.95,11.2,13.64,83.3,0.0,0.2276404458240185,0.04849056603773585,0.1189499904196206,0.20393346199797813,0.022840362182886046,0.028505747126436783,0.1893181818181818,0.0
2008-10-18,160.0,0.022727272727272728,5.0751738152338275,-0.013076994219652749,26.7,27.2,27.8,26.7,27.733460732139978,27.771681983523717,27.1,27.8,28.0,28.7,27.3,28.766259474278346,28.954121931920444,27.95,26.0,26.5,26.8,26.1,26.640909530720858,26.69179944626299,26.35,10.966666666666667,8.739999999999998,8.425,6.557142857142857,2.5666666666666664,6.863999999999999,35.76666666666667,24.74,31.625,27.5,10.883333333333335,24.612,0.03333333333333333,0.0,0.0,0.0,0.0,0.004,5.666666666666668,4.4,2.75,4.285714285714286,2.333333333333333,3.76,42.0,-0.8326892782723121,-0.4243897579196805,0.8397741935483871,179.76,20.61,100.16,85.4,23.200000000000006,30.36,109.76,30.0,0.28911012110587514,0.04320754716981132,0.19191415980072807,0.15697086664828602,0.0473121788074068,0.06344827586206897,0.24945454545454546,0.11671335200746966
2008-10-25,174.0,0.054545454545454536,5.159055299214528,-0.007531676300578466,26.7,27.0,27.3,26.5,27.51346073213998,27.520088599094514,26.875,27.6,28.0,28.3,27.4,28.57292614094501,28.67511830142428,27.825000000000006,25.3,25.6,25.9,25.8,25.887576197387535,25.83028270564177,25.65,9.433333333333332,11.96,11.65,12.933333333333332,7.650000000000001,10.758333333333333,46.7,38.42,36.40000000000001,50.48333333333333,20.933333333333334,37.7625,0.0,0.0,0.0,0.0,0.0,0.0,5.0,6.0,4.0,5.0,5.666666666666668,5.208333333333333,43.0,-0.9576892782723084,-1.1243897579196798,0.8447419354838711,140.7,23.85,86.4,85.39999999999998,0.0,51.040000000000006,104.37,0.0,0.226289463949692,0.05,0.16554895573864722,0.156970866648286,0.0,0.10666666666666667,0.2372045454545455,0.0
2008-11-01,133.0,-0.038636363636363635,4.890349128221754,-0.001986473988439091,27.4,27.7,27.8,27.6,27.39123850991776,27.380314496633854,27.625,28.4,28.5,28.6,28.3,28.49848169650057,28.567685868991852,28.45,25.9,26.5,26.5,27.0,26.437576197387532,26.459266166714787,26.475,7.366666666666667,6.840000000000002,6.675,8.628571428571428,11.65,8.532,43.26666666666667,24.84,29.75,34.642857142857146,44.11666666666667,35.20800000000001,0.0,0.0,0.0,0.42857142857142855,0.0,0.12,2.0,2.4,2.25,2.2857142857142856,2.6666666666666665,2.36,44.0,0.2381496944495112,0.228625579230652,0.8493333333333334,225.72000000000003,20.48,117.81,98.79,34.32,38.5,97.03,31.04,0.3630281293725977,0.042935010482180284,0.2257328990228013,0.18158257513096224,0.06998939554612937,0.08045977011494253,0.2205227272727273,0.12075941487706192
2008-11-08,153.0,0.006818181818181818,5.030437921392434,0.003558843930636269,27.1,27.5,27.8,27.1,27.23457184325109,27.20114951075244,27.375,28.3,28.8,29.0,28.4,28.37959280761168,28.39611467092811,28.625,26.0,26.7,26.7,26.0,26.010909530720856,25.971327481761175,26.35,18.5,12.759999999999998,9.425,10.071428571428571,12.55,12.112,53.36666666666667,33.940000000000005,36.525,35.957142857142856,35.3,37.576,0.0,0.0,0.0,0.042857142857142864,0.016666666666666666,0.016,4.0,3.4,3.25,4.142857142857143,4.833333333333333,4.0,45.0,0.4131496944495119,0.10362557923065197,0.8516666666666667,201.96,21.68,133.65,44.77,13.0,26.5,44.64,43.2,0.3248146420702189,0.045450733752620535,0.25608354090821994,0.08229023067732746,0.02651113467656416,0.055381400208986416,0.10145454545454544,0.1680672268907563
2008-11-15,153.0,0.006818181818181818,5.030437921392434,0.009104161849710551,26.4,26.7,26.8,26.3,26.82901628769553,26.73735362531476,26.55,27.3,27.7,27.7,27.4,27.829592807611675,27.60239744624073,27.525,25.6,25.8,25.9,25.4,25.730909530720854,25.65111771976036,25.675000000000004,11.833333333333336,11.54,10.225,12.616666666666667,11.983333333333334,11.7375,49.76666666666667,45.46,40.02499999999999,45.9,44.15,44.875,0.0,0.0,0.0,0.0,0.016666666666666666,0.0041666666666666675,4.0,5.6,5.25,4.833333333333333,5.833333333333332,5.208333333333333,46.0,-0.6868503055504895,-0.5713744207693452,0.8540000000000001,213.4,24.0,99.99,62.16,34.97,36.25,105.71,32.0,0.34321372854914195,0.050314465408805034,0.1915884269017053,0.11425420457678526,0.07131495227995757,0.07575757575757576,0.24025,0.12449424214130095
2008-11-22,134.0,-0.03636363636363636,4.897839799950911,0.014649364161849926,26.9,27.1,27.1,26.4,27.05679406547331,26.997841725355105,26.875,27.3,27.7,27.5,26.9,27.950703918722787,27.77717558258604,27.35,26.6,26.2,26.8,25.9,25.84979841960975,25.78707980124484,26.375,16.3,7.92,6.574999999999998,6.942857142857143,7.9833333333333325,8.452,68.13333333333334,30.78,30.15,37.37142857142858,40.35,39.304,0.0,0.0,0.0,0.0,0.0,0.0,1.3333333333333333,1.2,1.25,1.1428571428571428,1.3333333333333333,1.24,47.0,-0.8618503055504867,0.12862557923065054,0.8563333333333334,208.56,19.44,86.46000000000002,111.0,18.59,11.25,22.01,32.0,0.335429499654213,0.04075471698113208,0.16566392029124352,0.2040253653156879,0.037910922587486746,0.023510971786833857,0.05002272727272728,0.12449424214130095
2008-11-29,151.0,0.002272727272727273,5.017279836814924,0.020194682080925286,27.4,27.7,27.5,27.6,26.895682954362197,26.813594044838773,27.55,28.5,28.8,28.3,28.5,27.897370585389446,27.700209063828463,28.525,26.6,26.8,26.6,26.5,25.97313175294309,25.928124577364244,26.625,7.533333333333334,4.74,8.475,5.214285714285714,6.583333333333332,6.248000000000001,35.833333333333336,21.58,34.35,21.11428571428571,28.950000000000006,26.971999999999994,0.0,0.0,0.0,0.0,0.0,0.0,2.0,1.8,1.75,2.2857142857142856,2.6666666666666665,2.16,48.0,0.3131496944495105,0.37862557923065054,0.8586666666666667,151.95999999999995,14.46,101.74,98.23,6.86,83.24,94.08,0.0,0.24439905431268796,0.030314465408805037,0.19494155968576354,0.18055325797261285,0.013989721837017702,0.17396029258098222,0.21381818181818185,0.0
2008-12-06,155.0,0.011363636363636364,5.043425116919247,0.02573999999999957,27.1,27.6,27.4,27.2,26.840127398806647,26.750060361902104,27.325,27.7,28.2,27.8,28.3,27.85959280761168,27.645691113041863,28.0,26.2,26.7,26.5,26.0,25.773131752943087,25.699403318792232,26.35,4.666666666666667,8.419999999999998,14.35,6.2857142857142865,13.049999999999995,9.432,19.366666666666667,29.22,53.375,26.799999999999994,48.68333333333334,35.895999999999994,0.0,0.0,0.0,0.0,0.03333333333333333,0.008,3.0,2.6,4.5,3.8571428571428568,4.333333333333333,3.72,49.0,0.18438397681131136,0.5528655953219896,0.854741935483871,164.69,10.150000000000002,107.9,74.5,17.92,33.349999999999994,119.84,0.0,0.2648728629557553,0.02127882599580713,0.20674458708564855,0.1369359433875563,0.03654457949261767,0.06969696969696969,0.2723636363636364,0.0
2008-12-13,182.0,0.07272727272727272,5.204006687076795,0.031285202312138945,26.3,27.0,26.8,24.9,26.791238509917754,26.69415072091783,26.25,27.7,28.1,27.8,26.5,27.620703918722786,27.300945247773605,27.525,23.7,24.1,24.2,23.4,25.526465086276414,25.41731376655343,23.85,7.2666666666666675,7.659999999999998,7.625,9.485714285714286,15.25,9.94,26.86666666666667,28.8,32.85,37.51428571428572,62.85,39.828,0.0,0.0,0.0,0.0,0.0,0.0,2.0,2.0,2.0,2.0,2.1666666666666665,2.04,50.0,-0.2906160231886901,-1.9471344046780104,0.8497741935483871,200.81,14.840000000000005,107.9,78.75,14.000000000000002,30.74,182.56,0.0,0.32296508355179565,0.031111111111111117,0.20674458708564852,0.1447477253928867,0.028550452728607564,0.06424242424242424,0.4149090909090909,0.0
2008-12-20,222.0,0.16363636363636366,5.402677381872278,0.0368305202312143,26.2,26.6,26.5,26.5,26.357905176584424,26.198587994011827,26.45,27.1,27.5,27.2,27.0,27.445148363167228,27.047597123529965,27.2,25.1,25.3,25.0,25.9,24.98535397516531,24.79849569475029,25.325000000000006,3.1666666666666665,2.4200000000000004,2.825,2.542857142857143,1.9166666666666667,2.488,14.0,14.5,17.025,10.357142857142858,10.683333333333332,12.767999999999995,0.0,0.0,0.0,0.0,0.0,0.0,2.0,2.0,2.25,2.0,2.0,2.04,51.0,-0.6156160231886894,-0.4721344046780089,0.8448064516129032,193.92999999999995,11.760000000000002,94.9,84.75,0.0,0.0,127.68,17.0,0.31189989867635937,0.02465408805031447,0.1818356006897873,0.15577612351805906,0.0,0.0,0.2901818181818182,0.06613756613756612
2008-12-27,189.0,0.08863636363636364,5.2417470150596435,0.042375722543352604,26.6,26.7,26.5,25.7,26.21346073213998,26.033400418376488,26.375,27.8,27.6,27.6,27.0,26.994037252056128,26.396588652372245,27.5,24.4,24.5,24.2,24.2,25.127576197387533,24.961141923068155,24.325,11.966666666666667,7.540000000000001,10.3,10.957142857142856,11.083333333333336,10.32,56.26666666666667,33.5,41.175,53.35714285714285,57.8,48.852,0.0,0.0,0.0,0.0,0.0,0.0,2.0,2.2,3.75,2.8571428571428568,2.833333333333333,2.76,52.0,-0.31561602318868864,-1.4721344046780125,0.8398387096774194,166.76999999999995,16.41,91.82,61.47,0.0,20.88,154.24,0.0,0.2682181514064686,0.03440251572327044,0.17593408698984478,0.1129859387923904,0.0,0.04363636363636363,0.3505454545454545,0.0
2009-01-03,199.0,0.11136363636363636,5.293304824724492,0.04695248554913338,26.8,27.6,27.0,26.5,27.023076116755362,26.524119051410672,26.975,28.1,28.3,28.2,27.9,27.797156910175783,27.126699398313047,28.125,26.0,27.0,26.4,25.5,26.16244799225932,25.880786685077734,26.225,2.733333333333334,0.98,2.25,2.6625,1.4,1.992307692307692,9.8,4.16,11.575,12.0625,8.266666666666666,9.330769230769233,0.0,0.0,0.0,0.0,0.0,0.0,2.333333333333333,2.0,2.0,1.875,1.5,1.8846153846153848,1.0,0.5379158351148767,0.4894529999604096,0.8325483870967741,157.6,17.36,80.92000000000002,57.80000000000001,19.040000000000006,42.6,43.68,0.0,0.25346993261173745,0.036394129979035635,0.15504885993485346,0.10624023527249336,0.03882861571090628,0.0890282131661442,0.09927272727272728,0.0
2009-01-10,242.0,0.20909090909090908,5.488937726156687,0.05023768786127125,27.0,27.53333333333333,26.9,26.6,26.72474278342203,26.061094646408648,26.83333333333333,27.7,28.066666666666666,27.4,27.2,27.98215691017578,27.433975517716032,27.43333333333333,26.4,27.0,26.3,25.9,25.670781325592642,25.171251590281443,26.2,0.2,0.32,0.4,0.3125,1.3666666666666665,0.5576923076923077,1.3333333333333333,1.82,2.1500000000000004,2.0,9.183333333333335,3.5692307692307685,0.0,0.0,0.0,0.0,0.0,0.0,1.0,1.2,1.75,1.125,1.3333333333333333,1.2692307692307692,2.0,-0.1537508315517897,0.4644529999604074,0.8221612903225807,101.2,14.8,40.46000000000001,34.68000000000001,10.37,50.7,0.0,0.0,0.16276114962124258,0.031027253668763105,0.07752442996742671,0.06374414116349603,0.021147728199690026,0.10595611285266457,0.0,0.0
2009-01-17,144.0,-0.013636363636363636,4.969813299576002,0.05352300578034725,26.4,27.466666666666665,26.5,26.2,26.874742783422032,26.29390021316945,26.366666666666664,26.9,27.833333333333336,27.0,26.5,27.602156910175783,26.802813758942328,26.8,26.0,27.0,26.0,25.8,25.592447992259316,25.05820701585628,25.93333333333333,0.3666666666666667,0.2,0.175,0.0875,0.03333333333333333,0.1423076923076923,2.433333333333333,1.4200000000000002,1.15,0.5499999999999999,0.26666666666666666,0.9615384615384616,0.0,0.0,0.0,0.0,0.0,0.0,1.0,0.8,1.0,0.75,0.8333333333333334,0.8461538461538461,3.0,-0.7870841648851226,0.19778633329374173,0.8117741935483871,116.4,14.56,56.78,42.50000000000001,20.4,87.0,46.28,0.0,0.187207488299532,0.03052410901467505,0.10879478827361562,0.07811782005330395,0.041602088261685294,0.18181818181818185,0.10518181818181818,0.0
2009-01-24,126.0,-0.054545454545454536,4.836281906951479,0.05680820809248512,26.9,27.4,26.85,26.85,26.631409450088697,25.91623784931305,26.942857142857147,27.200000000000006,27.6,27.25,27.3,27.442156910175786,26.53706143945867,27.3,26.65,27.0,26.45,26.450000000000006,25.534114658925976,24.974024885965186,26.585714285714282,0.0,0.0,0.0,0.38,0.0,0.12258064516129033,0.04,0.0,0.0,2.47,0.03333333333333333,0.8096774193548386,0.0,0.0,0.0,0.0,0.0,0.0,0.2,0.0,0.0,0.3,0.3333333333333333,0.1935483870967742,4.0,-0.28708416488512256,0.8501672856746936,0.8013870967741936,138.8,20.16,68.0,99.62,17.0,63.3,190.32,17.0,0.22323367161490587,0.04226415094339623,0.1302931596091205,0.1831081702049444,0.03466840688473774,0.1322884012539185,0.4325454545454545,0.06613756613756612
2009-01-31,116.0,-0.07727272727272727,4.7535901911063645,0.06009352601156113,26.55,27.0,26.75,26.75,26.75474278342203,26.107655759760817,26.728571428571428,26.8,27.4,26.9,27.05,27.53049024350911,26.683778865840267,26.985714285714288,26.15,26.7,26.65,26.6,25.864114658925978,25.450255220777613,26.5,0.08,0.08,0.06000000000000001,0.99,0.8666666666666667,0.5225806451612903,0.6200000000000001,0.4,0.36,5.23,4.366666666666667,2.7548387096774194,0.0,0.0,0.0,0.0,0.0,0.0,1.2,0.8,1.0,1.4,1.1666666666666667,1.1612903225806452,5.0,-0.6013698791708322,0.7644529999604082,0.7909999999999999,153.69,38.02,133.78,93.5,0.0,49.6,14.88,0.0,0.24718143364909856,0.07970649895178197,0.2563326307721785,0.17185920411726868,0.0,0.10365726227795193,0.03381818181818182,0.0
2009-02-07,124.0,-0.05909090909090909,4.820281565605037,0.06337872832369901,26.45,27.0,26.65,26.65,27.064742783422037,26.588787264399787,26.642857142857146,26.85,27.3,27.0,26.85,27.52715691017578,26.678242359184367,26.957142857142852,26.2,26.8,26.45,26.35,26.617447992259315,26.537407298228196,26.4,2.68,0.72,1.4,2.55,3.733333333333333,2.3193548387096774,18.54,4.24,7.88,12.94,21.93333333333333,13.364516129032259,0.0,0.0,0.0,0.0,0.0,0.0,0.8,0.8,0.6,2.2,2.1666666666666665,1.4838709677419355,6.0,-0.8040166157371971,0.055862501061028524,0.795,175.01000000000005,37.07,105.42,89.08000000000001,0.0,51.46,99.82,27.88,0.2814706402689098,0.07771488469601677,0.20199271891166884,0.16373495083172507,0.0,0.10754440961337514,0.2268636363636364,0.10846560846560846
2009-02-14,137.0,-0.029545454545454545,4.919980925828125,0.066664046242775,27.200000000000006,27.6,27.3,27.45,27.218076116755363,26.826766288199693,27.357142857142854,28.05,28.0,27.7,28.0,27.958823576842452,27.395219971124657,27.92857142857143,26.55,27.1,26.9,27.15,26.402447992259308,26.22713601948677,26.9,2.68,4.34,2.08,0.61,0.9,1.8387096774193548,18.74,29.76,14.260000000000002,4.0299999999999985,6.050000000000002,12.593548387096776,0.0,0.0,0.0,0.0,0.0,0.0,1.4,1.2,1.2,0.6,1.1666666666666667,1.032258064516129,7.0,0.16741195569137446,0.5558625010610285,0.799,214.14,25.739999999999995,138.60000000000002,67.66,33.4,41.23,30.38,69.28999999999999,0.3444038792479534,0.05396226415094338,0.2655681164974133,0.12436356952485984,0.06811322293824945,0.08616509926854754,0.06904545454545455,0.2695689386865857
2009-02-21,124.0,-0.05909090909090909,4.820281565605037,0.06994924855491286,27.8,28.2,27.85,27.9,27.514742783422037,27.28720396468215,27.9,28.5,28.7,28.6,28.4,28.34882357684244,28.04299124986608,28.52857142857143,27.3,27.8,27.2,26.75,26.672447992259315,26.61677902069693,27.185714285714283,2.64,1.84,1.38,3.6500000000000012,4.900000000000001,3.070967741935484,18.16,9.62,5.84,23.32,27.566666666666666,18.28064516129032,0.0,0.0,0.0,0.0,0.0,0.0,1.0,1.0,1.0,1.0,1.0,1.0,8.0,0.7674119556913794,0.8415767867753132,0.8029999999999999,208.12,39.82000000000001,102.48,57.12000000000001,0.0,97.96,16.74,30.75,0.3347218424819467,0.08348008385744236,0.19635945583445102,0.10499035015164047,0.0,0.20472309299895508,0.038045454545454535,0.11963118580765635
2009-02-28,114.0,-0.08181818181818183,4.736198448394496,0.07323456647398888,26.15,26.6,26.25,26.6,27.668076116755373,27.52518298848207,26.37142857142857,27.05,27.5,26.95,26.8,28.28049024350911,27.929492863419927,27.014285714285712,24.95,25.4,25.3,26.15,26.865781325592646,26.895782651193105,25.45714285714286,15.44,16.880000000000006,18.8,12.599999999999998,15.799999999999995,15.253333333333336,46.7,47.8,51.875,34.64,68.31666666666668,47.87666666666666,0.04,0.0,0.0,0.0,0.0,0.006666666666666667,5.4,4.6,5.0,4.4,3.8333333333333335,4.566666666666666,9.0,-0.7468737585943401,-0.886994641796111,0.807,147.92,26.51,81.92,84.6,52.32,26.26,75.84,0.0,0.23790147482187946,0.05557651991614256,0.15696493581145812,0.1555004135649297,0.10669712048291052,0.0548798328108673,0.17236363636363636,0.0
2009-03-07,88.0,-0.1409090909090909,4.477336814478207,0.07651976878612674,26.6,27.0,26.6,26.95,27.661409450088698,27.51483607440381,26.75714285714286,27.3,27.8,27.55,27.95,28.39715691017577,28.123270596376766,27.628571428571423,25.2,25.4,25.05,25.8,26.720781325592647,26.686529928320976,25.357142857142854,17.38,15.919999999999998,18.54,12.625,13.8625,14.902857142857144,53.86,51.00000000000001,55.16,52.28333333333333,48.08750000000001,51.77714285714285,0.0,0.1,0.0,0.0,0.0,0.014285714285714284,5.0,5.4,4.8,2.5,3.0,3.7142857142857135,10.0,-0.7605034773543657,-1.3280110604145818,0.8176129032258065,197.37,31.24,84.80000000000003,90.82,13.44,0.0,17.48,15.0,0.3174324911140775,0.06549266247379455,0.1624832343360797,0.16693318628802506,0.02740843461946325,0.0,0.03972727272727273,0.05835667600373483
2009-03-14,74.0,-0.17272727272727273,4.30406509320417,0.07980508670520274,26.5,26.8,26.6,27.05,27.4814094500887,27.23546939429087,26.728571428571428,27.65,28.0,27.5,28.3,28.52382357684245,28.333657849301343,27.842857142857138,24.950000000000006,25.2,25.2,25.5,26.254114658925978,26.01307288919229,25.214285714285715,21.52,8.379999999999999,6.000000000000001,9.558333333333334,8.125,10.262857142857145,117.71999999999998,38.86,24.76,60.26666666666668,38.9125,55.46285714285713,0.0,0.0,0.0,0.0,0.0,0.0,3.6,2.8,3.2,2.0,2.25,2.571428571428572,11.0,-0.546217763068654,-1.4708682032717242,0.8282258064516129,138.03,21.01,121.28000000000002,98.8,22.08,45.5,29.44,12.0,0.22199527156343987,0.04404612159329141,0.23238168231461964,0.18160095579450425,0.045028142589118185,0.09508881922675026,0.06690909090909093,0.046685340802987856
2009-03-21,83.0,-0.15227272727272728,4.418840607796597,0.08309040462427768,26.8,26.9,26.65,27.15,27.889742783422037,27.869217881584124,26.87142857142857,28.15,28.4,27.9,27.5,28.718823576842446,28.657543488672047,27.92857142857143,25.5,25.7,25.4,26.6,26.78744799225932,26.78273807676793,25.814285714285717,5.840000000000002,12.66,11.72,10.175,11.6875,10.47714285714286,17.86,41.78,29.5,25.974999999999994,33.1125,29.208571428571425,0.22000000000000006,0.0,0.6,1.4666666666666668,0.025,0.6257142857142858,6.4,3.6,4.2,3.333333333333333,5.0,4.314285714285714,12.0,-0.460503477354365,-0.8708682032717228,0.8388387096774195,142.32999999999996,41.25,153.60000000000005,142.88,16.32,48.62000000000001,73.14,0.0,0.2289110121105875,0.08647798742138364,0.294309254646484,0.2626229206874368,0.03328167060934823,0.10160919540229886,0.16622727272727272,0.0
2009-03-28,79.0,-0.16136363636363638,4.3694478524670215,0.08637560693641662,27.25,27.6,27.55,27.8,28.29474278342203,28.49779291183825,27.54285714285714,28.35,28.8,28.75,28.4,28.94715691017577,29.036794194601857,28.542857142857148,25.95,26.1,26.05,26.8,27.43411465892598,27.715957116703386,26.24285714285714,6.2200000000000015,3.28,1.38,6.372727272727274,3.2,4.4147058823529415,23.7,14.86,8.760000000000002,28.854545454545452,16.3875,20.150000000000006,0.0,0.0,0.0,0.0,0.0,0.0,3.2,2.4,1.2,2.8181818181818183,1.875,2.3529411764705883,13.0,0.1537822369313524,-0.4422967747002993,0.8494516129032259,181.55,50.33,139.2,84.34,17.759999999999994,26.0,145.32,0.0,0.29198899914759474,0.10551362683438156,0.26671776202337605,0.15502251631283892,0.036218288604290716,0.054336468129571575,0.3302727272727273,0.0
2009-04-04,86.0,-0.14545454545454545,4.4543472962535064,0.08966092485549154,27.95,28.2,28.0,27.9,28.311409450088693,28.52366019703389,27.985714285714284,28.85,28.8,28.8,28.700000000000006,29.13215691017578,29.344070314004842,28.785714285714285,26.75,27.4,26.85,27.2,26.955781325592646,27.02566365159649,27.0,6.58,6.7,2.6,9.408333333333333,5.050000000000002,6.6485714285714295,43.06,44.34,13.9,36.14166666666667,25.65,32.725714285714304,0.0,0.0,0.0,0.0,0.0,0.0,2.0,1.8,2.2,2.5,2.0,2.1714285714285717,14.0,0.003790130997632701,0.10764359885122944,0.8497333333333335,224.64,37.7,105.34,108.6,39.04,43.92,197.08,28.8,0.3612911526770349,0.0790356394129979,0.2018394328415405,0.19961400606561894,0.0796149767517742,0.09178683385579936,0.4479090909090909,0.11204481792717083
2009-04-11,94.0,-0.12727272727272726,4.543294782270004,0.09294612716763047,27.1,27.2,27.25,27.4,28.09307611675537,28.18479876097097,27.242857142857147,28.5,28.4,28.25,28.1,29.110490243509112,29.308083020741428,28.3,26.45,26.8,26.85,27.0,27.217447992259316,27.403280634250784,26.771428571428572,11.44,20.7,12.9,17.158333333333335,26.925,18.471428571428564,36.26,57.38000000000001,37.82,50.7,64.4,50.88285714285714,0.02,0.7,0.86,0.1,0.0,0.26,3.8,4.6,5.0,3.5,3.0,3.8,15.0,-0.4819241547166513,-0.12092782972019832,0.8422666666666667,232.8,38.99999999999999,90.62,88.49999999999999,22.56,50.76,124.28000000000002,0.0,0.3744149765990639,0.08176100628930816,0.1736347959379191,0.16266887234629168,0.04600701525409903,0.10608150470219437,0.2824545454545455,0.0
2009-04-18,104.0,-0.10454545454545454,4.6443908991413725,0.09623144508670542,27.950000000000006,28.1,28.1,28.25,28.453076116755362,28.74353212119685,28.1,29.75,29.5,29.55,29.6,29.34215691017577,29.692870233327145,29.614285714285714,26.15,26.4,26.3,26.85,27.30911465892598,27.535566838365348,26.428571428571423,3.56,2.3200000000000003,1.9,5.008333333333334,2.3000000000000003,3.3542857142857136,21.6,10.82,8.0,26.91666666666667,11.05,17.52857142857143,0.0,0.0,0.0,0.0,0.0,0.0,1.2,1.0,1.0,1.0,1.0,1.0285714285714285,16.0,0.8323615595690583,-0.4637849725773471,0.8348,214.08,34.300000000000004,97.52,116.1,28.16,34.92,58.24000000000001,0.0,0.3443073805426444,0.0719077568134172,0.18685571948649168,0.2133995037220844,0.05742719634554205,0.07297805642633229,0.13236363636363638,0.0
2009-04-25,107.0,-0.09772727272727272,4.672828834461906,0.09951664739884436,29.1,29.2,29.0,29.15,28.536409450088698,28.872868547175077,29.1,29.65,30.1,29.8,29.75,29.29049024350911,29.607054380160545,29.785714285714285,28.6,28.2,27.8,28.4,27.185781325592647,27.35758176373848,28.25714285714286,2.58,1.98,3.34,1.0333333333333334,1.725,1.8771428571428568,13.3,11.179999999999998,21.96,4.749999999999999,8.2375,10.145714285714286,0.0,0.0,0.0,0.0,0.0,0.0,1.0,1.8,2.0,1.75,2.5,1.8571428571428568,17.0,1.0037901309976327,1.3647864559940892,0.8273333333333334,224.84,34.06,183.48,29.1,22.24,36.0,105.04,30.0,0.3616128150280651,0.07140461215932914,0.3515616018394327,0.053487730907085744,0.045354433477445145,0.07523510971786834,0.23872727272727276,0.11671335200746966
2009-05-02,79.0,-0.16136363636363638,4.3694478524670215,0.1028019653179193,27.75,28.1,28.2,28.0,28.796409450088703,29.276398196227113,28.0,28.9,29.0,28.950000000000006,28.9,29.853823576842448,30.54272400500927,28.92857142857143,26.6,26.7,26.950000000000006,27.3,27.54244799225931,27.872295357929683,26.914285714285718,7.899999999999999,11.4,10.34,10.841666666666667,10.249999999999998,10.22777777777778,21.016666666666666,43.28,48.16,33.11666666666667,32.325,34.425,0.0,0.0,0.0,0.075,0.05,0.03611111111111112,3.1666666666666665,2.4,2.2,5.0,3.5,3.611111111111111,18.0,-0.4330684996088863,-0.4311523540652473,0.8225161290322579,208.84,10.96,169.85,96.75,17.25,28.08,91.44,10.22,0.3358798269456551,0.0229769392033543,0.3254454876413105,0.17783291976840365,0.035178236397748586,0.0586833855799373,0.20781818181818185,0.039760348583878
2009-05-09,95.0,-0.125,4.553876891600541,0.10608716763005824,28.35,28.6,28.35,28.5,28.83307611675536,29.33330622365753,28.42857142857143,29.15,29.3,28.9,29.200000000000006,29.778823576842445,30.418152605251304,29.114285714285714,27.55,27.8,27.7,27.9,27.645781325592647,28.02141798802246,27.728571428571428,5.5,13.74,12.839999999999998,8.258333333333335,8.3375,9.213888888888887,15.95,34.239999999999995,32.2,24.425,24.6625,25.50833333333333,0.0,0.1,0.0,0.0,0.0,0.013888888888888888,4.0,4.2,4.0,3.4166666666666665,3.75,3.7777777777777777,19.0,-0.247354213894603,0.38313336022046585,0.8243225806451613,209.3,10.32,145.76999999999995,128.25,14.72,57.24,111.23999999999998,18.76,0.33661965035302444,0.021635220125786163,0.27930638053266904,0.23573200992555834,0.0300187617260788,0.11962382445141065,0.2528181818181818,0.07298474945533769
2009-05-16,85.0,-0.14772727272727273,4.442651256490317,0.10937248554913316,28.0,28.0,28.05,28.4,28.98307611675537,29.56611179041832,28.12857142857143,29.15,28.9,29.2,29.3,29.84382357684245,30.526114485041546,29.17142857142857,27.05,27.1,27.4,27.45,27.707447992259308,28.11041052533589,27.271428571428572,7.266666666666667,10.26,6.880000000000001,6.15,8.844444444444443,7.64054054054054,38.03333333333333,28.920000000000005,23.24,22.76666666666667,30.477777777777785,28.013513513513512,0.0,0.02,0.06,0.18333333333333332,0.06666666666666668,0.08648648648648649,2.5,4.2,4.0,3.4166666666666665,4.111111111111111,3.6216216216216215,20.0,-0.1902113567517425,-0.07400949692238967,0.8261290322580644,233.22000000000003,10.88,164.26000000000005,83.7,16.1,12.24,53.64,24.080000000000005,0.3750904675362273,0.022809224318658283,0.3147346234910902,0.15384615384615385,0.03283302063789869,0.025579937304075238,0.12190909090909093,0.093681917211329
2009-05-23,114.0,-0.08181818181818183,4.736198448394496,0.1126576878612721,28.3,28.5,28.3,28.8,28.87974278342203,29.40573462220533,28.47142857142857,29.2,29.4,29.2,29.25,29.848823576842452,30.53441924502541,29.24285714285714,26.4,26.6,26.05,27.7,27.925781325592645,28.425492211499673,26.7,8.5,3.3,1.88,0.6083333333333334,1.7555555555555555,2.7027027027027035,39.23333333333333,17.28,11.1,3.8666666666666663,11.622222222222225,14.278378378378378,0.0,0.0,0.0,0.0,0.0,0.0,1.1666666666666667,1.0,1.0,0.9166666666666666,1.0,1.0,21.0,-0.1187827853231731,-0.6454380683509626,0.8279354838709678,203.32,21.76,133.29999999999998,108.45,33.120000000000005,48.96,123.84,0.0,0.3270019460572237,0.045618448637316567,0.2554129143514082,0.19933829611248968,0.0675422138836773,0.10231974921630094,0.28145454545454546,0.0
2009-05-30,122.0,-0.06363636363636363,4.804021044733257,0.11594300578034705,28.7,28.9,28.75,28.95,28.63474278342203,29.025485529829375,28.814285714285717,29.85,29.8,29.8,29.7,29.49049024350911,29.93924477951513,29.785714285714285,27.700000000000006,27.5,27.4,28.200000000000006,27.700781325592647,28.100789710491203,27.728571428571428,3.0500000000000003,1.64,2.72,3.716666666666667,2.888888888888889,2.9918918918918918,16.28333333333333,8.580000000000002,17.06,21.25,15.388888888888891,16.740540540540536,0.0,0.0,0.0,0.0,0.0,0.0,1.1666666666666667,1.0,1.0,1.1666666666666667,1.0,1.0810810810810811,22.0,0.4240743575339714,0.3831333602204694,0.8297419354838709,179.07999999999996,15.26,99.61,100.5,38.5,32.64,37.83,0.0,0.2880164691123727,0.031991614255765195,0.1908603180685955,0.1847256685966364,0.07851374500367078,0.06821316614420063,0.08597727272727272,0.0
2009-06-06,81.0,-0.15681818181818186,4.394449154672439,0.11922820809248598,29.35,29.5,29.2,29.25,28.49474278342203,28.80820033418597,29.3,30.2,30.3,29.75,29.9,29.65049024350911,30.20499709899879,30.0,28.1,28.4,28.15,27.95,26.989114658925978,27.07376772581996,28.114285714285714,1.3,2.1,1.1,3.4083333333333337,4.044444444444445,2.66,6.349999999999999,12.728571428571426,5.416666666666668,22.641666666666666,26.677777777777766,16.7875,0.0,0.0,0.0,0.0,0.0,0.0,1.6666666666666667,1.7142857142857142,2.0,2.083333333333333,2.0,1.925,23.0,0.798470349724866,1.0599322059939065,0.8236,166.84,10.26,91.76,176.4,36.5,114.6,77.61,0.0,0.2683307332293292,0.02150943396226415,0.17581912243724848,0.32423490488006623,0.07443510889958398,0.2394984326018809,0.17638636363636365,0.0
2009-06-13,105.0,-0.10227272727272728,4.653960350157523,0.1225135260115609,28.700000000000006,29.2,29.066666666666666,29.15,29.168076116755362,29.853238656089953,29.0125,30.200000000000006,30.4,30.0,29.950000000000006,29.922156910175783,30.656222391455422,30.0875,27.200000000000006,27.6,28.0,28.05,27.754114658925978,28.177756229248768,27.7625,4.233333333333333,4.442857142857143,0.8428571428571427,3.3166666666666664,2.5777777777777784,3.0585365853658537,18.1,17.728571428571428,3.985714285714285,17.666666666666668,11.677777777777774,14.090243902439024,0.0,0.0,0.0,0.0,0.0,0.0,1.5,1.8571428571428568,1.4285714285714286,1.5,1.5555555555555556,1.5609756097560976,24.0,0.8859703497248717,0.7081464917081952,0.8161333333333333,165.12,12.54,108.04,85.67999999999998,86.75,57.3,40.17,0.0,0.2655644370104701,0.026289308176100628,0.2070128377083732,0.1574855252274607,0.17691084101476465,0.11974921630094044,0.09129545454545457,0.0
2009-06-20,99.0,-0.1159090909090909,4.59511985013459,0.12579872832369984,29.0,29.4,29.16666666666667,29.200000000000006,29.401409450088696,30.21538064882896,29.1625,30.15,30.3,30.03333333333333,29.9,30.22382357684244,31.157276243815232,30.0625,28.1,28.5,28.2,28.45,28.209114658925976,28.834376842399227,28.275,2.65,3.5142857142857147,1.871428571428572,0.8583333333333334,1.0444444444444445,1.7878048780487803,17.7,23.214285714285715,11.057142857142859,4.391666666666667,6.4,11.131707317073172,0.0,0.0,0.0,0.0,0.0,0.0,1.3333333333333333,1.2857142857142858,1.2857142857142858,1.25,1.3333333333333333,1.2926829268292683,25.0,0.860970349724866,1.2206464917081945,0.8086666666666666,201.67,19.92,126.17,172.62,0.0,59.39999999999999,39.78,0.0,0.32434823166122523,0.04176100628930817,0.2417512933512167,0.31728701406120763,0.0,0.12413793103448276,0.09040909090909093,0.0
2009-06-27,107.0,-0.09772727272727272,4.672828834461906,0.12908404624277478,27.6,28.1,28.23333333333333,28.05,28.823076116755363,29.31778585254014,28.0125,28.6,29.0,29.3,28.9,29.76715691017577,30.39877483195561,28.9875,25.9,26.2,26.5,26.4,27.35578132559265,27.602912542278208,26.2875,4.8500000000000005,1.3666666666666665,0.5142857142857142,4.291666666666667,2.566666666666667,2.8875,22.183333333333334,6.05,2.814285714285714,23.25,16.0,15.3025,0.0,0.0,0.0,0.0,0.0,0.0,3.333333333333333,1.5,1.2857142857142858,2.25,1.4444444444444444,1.95,26.0,-0.21402965027513327,-0.7668535082918027,0.8012,202.55,11.39,118.76,169.31999999999996,14.5,98.1,61.72,9.24,0.3257635460057577,0.023878406708595392,0.2275531711055757,0.3112213950923628,0.02957011175462925,0.2050156739811912,0.14027272727272727,0.03594771241830065
2009-07-04,77.0,-0.16590909090909092,4.343805421853683,0.13236924855491372,27.950000000000006,28.2,28.266666666666666,28.25,28.401409450088696,28.663343537090373,28.175,29.25,29.5,29.23333333333333,29.5,29.192156910175786,29.443727433811222,29.3375,26.85,27.2,27.23333333333333,27.3,27.410781325592648,27.682284264746947,27.15,3.7,3.457142857142857,2.6714285714285717,2.2583333333333337,3.2,2.951219512195121,17.433333333333334,20.771428571428565,12.757142857142856,13.525,17.077777777777776,15.982926829268294,0.0,0.0,0.0,0.0,0.0,0.0,2.1666666666666665,1.5714285714285714,1.7142857142857142,1.75,1.8888888888888888,1.804878048780488,27.0,0.4705764498551837,0.3017895472045886,0.7992903225806451,242.4,24.43,75.24,106.56,31.08,132.4,88.58,0.0,0.3898547694485099,0.051215932914046115,0.1441655489557386,0.1958643507030604,0.06338200505750878,0.27669801462904914,0.2013181818181818,0.0
2009-07-11,59.0,-0.20681818181818185,4.07753744390572,0.13565456647398866,26.9,27.3,27.4,27.55,28.05307611675536,28.122717276501426,27.3,27.35,27.7,28.16666666666667,28.15,29.015490243509113,29.150292581048003,27.9,26.2,26.3,26.100000000000005,26.950000000000006,26.732447992259317,26.70336635429919,26.3625,5.933333333333333,6.671428571428572,10.828571428571427,7.466666666666666,7.377777777777778,7.6609756097560995,31.35,23.9,31.814285714285717,29.100000000000005,30.499999999999996,29.312195121951213,0.016666666666666666,0.1142857142857143,0.2285714285714286,0.0,0.022222222222222227,0.06585365853658537,4.333333333333333,5.428571428571429,4.571428571428571,3.583333333333333,3.7777777777777777,4.219512195121951,28.0,-0.9669235501448163,-0.4857104527954093,0.8015483870967742,195.84,15.12,156.6,155.04000000000005,24.99,111.20000000000002,54.61,14.000000000000002,0.3149717741286971,0.031698113207547174,0.3000574822762981,0.2849738075544528,0.05096255812056448,0.23239289446185998,0.12411363636363636,0.054466230936819175
2009-07-18,73.0,-0.175,4.290459441148391,0.1389397687861276,28.25,28.5,28.433333333333334,28.25,28.133076116755362,28.24688024544051,28.35,28.9,29.2,29.1,28.700000000000006,29.02215691017578,29.161365594359822,28.9625,27.05,27.4,27.33333333333333,27.5,27.139114658925983,27.29023605982561,27.312500000000004,1.5,2.0,1.985714285714285,2.625,3.088888888888889,2.346341463414634,8.166666666666666,10.471428571428572,9.385714285714286,16.816666666666666,19.011111111111113,13.680487804878053,0.0,0.0,0.0,0.0,0.0,0.0,2.1666666666666665,2.0,2.2857142857142856,2.0,2.0,2.073170731707317,29.0,0.0955764498551872,0.4642895472045936,0.8038064516129032,217.44,29.960000000000004,104.75999999999998,111.84,10.08,132.0,76.53999999999998,9.8,0.3497113080399505,0.06280922431865829,0.2007281088331097,0.20556934105321206,0.02055632596459744,0.27586206896551724,0.17395454545454545,0.03812636165577342
2009-07-25,63.0,-0.19772727272727272,4.143134726391533,0.14222508670520256,28.1,28.3,28.133333333333336,28.1,28.71307611675536,29.147061770248893,28.1375,29.25,29.8,29.3,29.15,29.43549024350911,29.847892419692613,29.3125,26.3,26.7,26.633333333333336,26.6,27.532447992259318,27.857864135662645,26.55,4.383333333333333,6.457142857142857,7.0285714285714285,4.666666666666667,5.022222222222221,5.4121951219512185,19.65,22.614285714285714,24.614285714285714,15.85,19.266666666666666,19.807317073170726,0.0,0.0,0.0,0.0,0.0,0.0,4.333333333333333,2.8571428571428568,3.0,3.9166666666666665,3.4444444444444446,3.5365853658536586,30.0,0.4455764498551851,-0.29821045279540925,0.8060645161290323,253.92,14.63,115.92,167.04,25.2,127.20000000000002,138.03,0.0,0.408382520867845,0.030670859538784068,0.22211151561601836,0.3070306038047973,0.0513908149114936,0.2658307210031348,0.31370454545454546,0.0
2009-08-01,64.0,-0.19545454545454544,4.158883083359672,0.14551028901734148,27.9,28.2,28.16666666666667,28.3,28.179742783422032,28.319308643988307,28.1375,28.65,29.0,28.7,28.7,29.128823576842446,29.338533807348927,28.725,26.15,26.6,26.7,27.6,26.725781325592646,26.693745539454497,26.775,1.833333333333333,2.5285714285714285,3.414285714285714,1.0833333333333333,1.0333333333333334,1.826829268292683,12.983333333333334,17.728571428571428,23.842857142857145,7.3583333333333325,7.2666666666666675,12.746341463414636,0.0,0.0,0.0,0.0,0.0,0.0,1.0,1.0,1.4285714285714286,1.1666666666666667,1.1111111111111112,1.146341463414634,31.0,-0.02565835754157675,-0.0406585118098306,0.8079677419354838,202.57,23.36,145.86,68.78,35.25,42.56,113.05,29.24,0.32579571224086074,0.0489727463312369,0.2794788273615635,0.1264222038415587,0.07188596133452974,0.08894461859979101,0.2569318181818181,0.11375661375661375
2009-08-08,83.0,-0.15227272727272728,4.418840607796597,0.1487956069364164,28.7,28.9,28.766666666666666,28.7,28.206409450088696,28.360696300301342,28.750000000000004,29.05,29.1,29.03333333333333,28.9,28.90882357684244,28.97312436805889,29.0125,27.950000000000006,28.2,28.43333333333333,28.6,27.05911465892598,27.17478628168927,28.32500000000001,0.23333333333333334,0.18571428571428567,0.2428571428571429,0.22727272727272724,0.1222222222222222,0.2,1.6166666666666665,0.9714285714285712,1.7857142857142858,1.3818181818181818,0.9222222222222224,1.3125000000000004,0.0,0.0,0.0,0.0,0.0,0.0,0.8333333333333334,0.7142857142857143,0.7142857142857143,0.9090909090909092,0.7777777777777778,0.8,32.0,0.2618416424584211,1.5093414881901772,0.8077419354838709,180.01,16.24,129.88000000000002,79.42000000000002,33.5,72.64000000000001,79.1,71.38,0.2895121990446628,0.0340461215932914,0.2488599348534202,0.14597922985019762,0.06831715474345379,0.1518077324973877,0.17977272727272725,0.27769996887643944
2009-08-15,68.0,-0.1863636363636364,4.219507705176107,0.15208080924855535,28.5,28.6,28.33333333333333,28.75,27.786409450088698,27.708840713371128,28.5125,29.65,29.7,29.23333333333333,29.55,28.63549024350911,28.51913082227431,29.475,26.55,27.0,26.600000000000005,27.65,26.365781325592646,26.174221537840943,26.899999999999995,0.9166666666666666,0.6571428571428573,4.114285714285715,2.327272727272727,3.6222222222222213,2.4275,5.216666666666666,3.7142857142857135,23.771428571428572,10.990909090909092,20.166666666666668,13.152500000000005,0.0,0.0,0.0,0.3818181818181817,0.0,0.105,2.1666666666666665,1.8571428571428568,2.0,1.9090909090909087,2.2222222222222223,2.025,33.0,0.7243416424584197,0.08434148819016585,0.8075161290322579,237.82,19.2,93.84,129.96,66.75,15.68,35.0,0.0,0.3824887016099201,0.040251572327044016,0.1798045602605863,0.2388751033912325,0.13612447997389673,0.03276907001044932,0.07954545454545454,0.0
2009-08-22,74.0,-0.17272727272727273,4.30406509320417,0.15536612716763026,27.65,28.1,28.16666666666667,28.05,28.37307611675537,28.619369152257782,28.0,28.700000000000006,29.0,28.866666666666664,28.7,29.042156910175773,29.194584634295282,28.8,26.35,26.6,27.16666666666667,27.1,27.385781325592646,27.64620620907934,26.875,7.500000000000001,12.685714285714285,8.257142857142856,9.49090909090909,6.200000000000001,8.795,29.75,50.5,37.6,47.85454545454545,26.177777777777774,38.93,0.0,0.0,0.0,0.0,0.0,0.0,2.333333333333333,2.571428571428572,2.571428571428572,2.363636363636364,2.888888888888889,2.55,34.0,0.04934164245841899,0.05934148819017083,0.8072903225806453,134.89,14.560000000000002,161.5,93.1,89.0,43.52,56.7,28.38,0.2169451726522669,0.030524109014675057,0.3094462540716612,0.17112397757559047,0.1814993066318623,0.0909508881922675,0.12886363636363635,0.11041083099906628
2009-08-29,78.0,-0.16363636363636366,4.356708826689592,0.1586513294797692,27.450000000000006,27.2,27.23333333333333,27.3,27.913076116755363,27.905432080858017,27.3,28.75,28.9,28.866666666666664,28.75,28.908823576842448,28.97312436805889,28.8125,26.45,26.0,26.0,26.5,26.965781325592648,27.04009487386353,26.2375,11.416666666666664,8.914285714285715,9.785714285714286,11.6,10.877777777777775,10.6225,57.01666666666667,45.61428571428571,40.41428571428571,41.14545454545455,35.844444444444434,42.9875,0.0,0.0,0.028571428571428574,0.16363636363636366,0.0,0.05,3.5,4.428571428571429,4.285714285714286,5.363636363636363,4.888888888888889,4.625,35.0,0.061841642458421824,-0.5781585118098285,0.8070645161290322,182.08,15.31,86.54,78.08,40.31,51.59,50.58,43.0,0.2928414043778246,0.03209643605870021,0.1658172063613719,0.14351622093557578,0.08220491067786932,0.10781609195402296,0.11495454545454545,0.16728913787737315
2009-09-05,54.0,-0.21818181818181814,3.9889840465642745,0.16193664739884414,27.45,27.8,27.633333333333336,27.5,27.806409450088697,27.739881455605907,27.6,28.55,28.5,28.866666666666664,28.950000000000006,28.855490243509113,28.884540261564347,28.73333333333333,25.5,26.85,26.0,25.950000000000006,26.505781325592647,26.376258649579547,26.06666666666667,9.65,11.712500000000002,5.9714285714285715,13.933333333333335,13.544444444444444,11.488095238095234,37.73333333333333,43.2375,26.585714285714282,55.2,42.655555555555566,42.969047619047615,0.0,0.275,0.0,0.0,0.0,0.05238095238095238,2.833333333333333,2.375,1.8571428571428568,2.4166666666666665,2.7777777777777777,2.452380952380953,36.0,-0.03654710361659852,-0.42611883551563423,0.8091666666666667,189.63,17.150000000000002,117.17999999999998,63.24,82.93999999999998,66.22,71.72,0.0,0.30498415812921176,0.0359538784067086,0.22452577122054027,0.11623931623931626,0.16914103923647927,0.13839080459770114,0.163,0.0
2009-09-12,44.0,-0.2409090909090909,3.7841896339182615,0.16522184971098308,28.1,28.35,28.3,28.0,28.1464094500887,28.267574073597032,28.200000000000006,29.35,29.65,29.16666666666667,29.1,29.035490243509113,29.183511620983452,29.3,26.200000000000006,26.3,26.46666666666667,26.65,26.872447992259318,26.905403466037804,26.41111111111111,1.2166666666666668,3.0375,1.5857142857142856,3.3416666666666663,1.2999999999999998,2.25,5.25,20.4,9.357142857142858,16.21666666666667,7.0,12.328571428571427,0.0,0.0,0.0,0.0,0.0,0.0,1.6666666666666667,1.0,1.0,1.6666666666666667,1.1111111111111112,1.3095238095238095,37.0,0.5301195630500644,-0.08167439107119279,0.8122,237.65,11.5,108.81,57.46000000000001,67.57,0.0,44.88,0.0,0.3822152886115444,0.024109014675052408,0.20848821613335888,0.10561529271206692,0.1377967207765723,0.0,0.102,0.0
2009-09-19,55.0,-0.2159090909090909,4.007333185232471,0.16850716763005802,28.0,27.85,27.8,28.0,28.273076116755362,28.464165441083907,27.9,29.15,29.4,29.13333333333333,29.3,29.235490243509112,29.51570202033804,29.23333333333333,25.85,25.7,25.93333333333333,25.85,26.885781325592646,26.924645095727183,25.844444444444445,5.083333333333333,7.9125,8.814285714285715,11.483333333333334,5.533333333333332,8.169047619047621,19.616666666666664,30.775,40.614285714285714,47.80833333333334,25.222222222222218,34.497619047619054,0.0,0.0,0.0,0.0,0.0,0.0,2.333333333333333,2.25,2.0,3.5,2.7777777777777777,2.6904761904761907,38.0,0.4634528963834015,-0.6483410577378592,0.8152333333333334,244.51,15.1,130.51000000000002,94.86,18.85,151.36,79.64000000000001,0.0,0.3932483072518777,0.03165618448637317,0.2500670626556812,0.17435897435897438,0.03844114528101802,0.3163218390804597,0.181,0.0
2009-09-26,59.0,-0.20681818181818185,4.07753744390572,0.17179236994219696,28.05,28.25,28.03333333333333,28.25,28.3264094500887,28.546940753709976,28.13333333333333,29.25,29.6,29.23333333333333,29.15,29.228823576842448,29.504629007026214,29.3,27.25,26.9,26.8,27.5,26.839114658925983,26.857299391814323,27.077777777777783,0.5499999999999999,2.7125000000000004,2.8,2.4166666666666665,1.3333333333333333,2.0380952380952384,2.1833333333333336,14.3625,14.842857142857142,11.65,6.9222222222222225,10.333333333333334,0.0,0.0,0.0,0.0,0.0,0.0,2.5,2.625,1.8571428571428568,2.083333333333333,2.333333333333333,2.261904761904762,39.0,0.5301195630500644,0.5849922755954751,0.8182666666666667,239.44,14.02,88.49,102.83,67.57,129.35,59.4,37.24,0.38509416665326396,0.02939203354297694,0.16955355432075106,0.18900836320191164,0.1377967207765723,0.2703239289446186,0.135,0.144880174291939
2009-10-03,55.0,-0.2159090909090909,4.007333185232471,0.1750776878612719,28.4,28.6,28.266666666666666,28.700000000000006,28.319742783422033,28.536593839631713,28.466666666666665,29.4,29.65,29.2,29.200000000000006,29.375490243509113,29.748235299886236,29.344444444444452,26.700000000000006,26.75,26.866666666666664,28.05,27.032447992259318,27.13630302231049,27.066666666666666,1.0166666666666666,3.5874999999999995,3.1,2.5166666666666666,1.6777777777777783,2.423809523809524,4.65,10.987499999999995,10.171428571428573,10.958333333333336,7.844444444444443,9.264285714285714,0.0,0.0,0.0,0.0,0.0,0.0,2.5,3.125,3.8571428571428568,3.5,3.111111111111111,3.261904761904762,40.0,0.5617551661721372,0.2922769087469845,0.8207741935483871,169.65,14.94,76.56,121.1,48.0,69.23000000000002,40.95,117.6,0.27285008926130244,0.03132075471698113,0.14669476911285684,0.2225898354930613,0.09788726649808303,0.1446812957157785,0.09306818181818184,0.457516339869281
2009-10-10,74.0,-0.17272727272727273,4.30406509320417,0.17836289017341084,27.75,27.85,27.866666666666664,28.6,28.47307611675536,28.77457286343164,27.925,28.85,29.35,29.133333333333336,29.4,29.48215691017577,29.925403512875352,29.15,26.950000000000006,26.6,26.96666666666667,27.9,27.005781325592647,27.0978197629317,26.9875,5.566666666666666,4.2125,5.171428571428572,5.616666666666666,5.044444444444443,5.1452380952380965,25.266666666666666,17.2125,18.642857142857142,28.899999999999995,23.16666666666667,23.21666666666667,0.0,0.0,0.0,0.0,0.0,0.0,2.0,2.75,2.4285714285714284,2.5,2.6666666666666665,2.5,41.0,0.3673107217276872,0.2131102420803188,0.8225806451612903,157.56,17.64,88.74,127.05,47.5,24.380000000000006,59.28,0.0,0.25340560014153146,0.0369811320754717,0.17003257328990226,0.23352633030052386,0.09686760747206134,0.050950888192267514,0.13472727272727272,0.0
2009-10-17,54.0,-0.21818181818181814,3.9889840465642745,0.18164820809248575,27.55,27.8,27.96666666666667,27.7,28.19307611675536,28.340002472144825,27.777777777777768,29.15,29.25,29.23333333333333,28.25,29.235490243509112,29.51570202033804,29.0,26.45,26.75,26.96666666666667,27.4,27.152447992259315,27.309477689515013,26.9,7.766666666666667,5.3375,2.7571428571428567,9.491666666666667,4.733333333333333,6.311904761904763,31.25,21.6,15.328571428571427,32.050000000000004,17.455555555555556,24.030952380952385,0.0,0.0,0.0,0.0,0.0,0.0,3.5,3.875,2.571428571428572,3.6666666666666665,3.111111111111111,3.3809523809523814,42.0,0.21731072172768864,0.12561024208032026,0.8243870967741935,187.59,6.6,82.07,89.6,48.75,39.79,65.52000000000001,31.85,0.3017032021487045,0.01383647798742138,0.1572523471929488,0.16469074533590666,0.09941675503711557,0.0831556948798328,0.14890909090909096,0.1239106753812636
2009-10-24,73.0,-0.175,4.290459441148391,0.18493341040462472,28.6,28.95,28.766666666666666,28.9,27.97307611675536,27.998554307562337,28.8,29.200000000000006,29.5,29.16666666666667,29.05,29.04215691017578,29.194584634295282,29.222222222222218,27.75,28.3,28.433333333333334,28.5,26.39911465892598,26.222325612064424,28.266666666666666,1.9833333333333332,0.6875,0.2,1.6333333333333335,1.177777777777778,1.1666666666666667,12.750000000000002,3.9625,1.4428571428571428,10.333333333333334,7.688888888888888,7.416666666666668,0.0,0.0,0.0,0.0,0.0,0.0,1.5,2.0,0.5714285714285714,1.25,1.4444444444444444,1.3571428571428572,43.0,0.4395329439499101,1.4922769087469838,0.8261935483870967,149.37,15.84,53.94,55.65,0.0,51.98,12.87,0.0,0.2402335268668479,0.03320754716981132,0.10335313278405822,0.10228839261097326,0.0,0.10863113897596656,0.02925,0.0
2009-10-31,80.0,-0.1590909090909091,4.382026634673881,0.1882187283236996,27.1,27.45,27.700000000000006,28.05,25.3,25.3,27.360000000000007,27.9,28.65,28.53333333333333,28.5,25.3,25.3,28.1,26.25,26.05,26.66666666666667,27.5,25.3,25.3,26.49,15.733333333333333,22.25,10.114285714285717,12.991666666666667,20.26,16.31860465116279,87.53333333333335,75.225,36.98571428571429,46.94166666666666,53.92999999999999,57.87209302325582,0.0,0.0,0.0,0.0,6.459999999999999,1.5023255813953489,2.333333333333333,2.375,2.2857142857142856,4.083333333333333,2.9,2.953488372093023,44.0,-0.6826892782723101,-0.2843897579196799,0.828,224.83,15.8,112.46999999999998,92.76,84.67999999999998,59.62,128.61,52.92,0.3615967319105136,0.03312368972746332,0.21550105384173207,0.17049903501516406,0.1726894526470348,0.12459770114942527,0.2922954545454546,0.2058823529411765
2009-11-07,75.0,-0.17045454545454544,4.31748811353631,0.1915039306358386,27.4,27.450000000000006,27.4,27.55,26.9,26.9,27.39,28.1,28.05,28.133333333333336,28.25,27.7,27.7,28.090000000000003,26.15,26.2,25.93333333333333,26.4,25.4,25.4,26.07,12.800000000000002,10.35,12.37142857142857,11.65,9.27,11.132558139534883,51.18333333333333,41.2125,48.52857142857143,47.75833333333333,30.72,43.18139534883721,0.0,0.0,0.0,0.0,0.0,0.0,3.6666666666666665,4.5,5.0,3.9166666666666665,4.8,4.372093023255814,45.0,-0.1218503055504847,-0.17637442076934914,0.8345333333333333,204.82,9.05,136.5,91.43,71.05,53.19,59.0,0.0,0.3294144136899497,0.018972746331236898,0.2615443571565433,0.1680544067640842,0.14489354759768333,0.11115987460815048,0.1340909090909091,0.0
2009-11-14,76.0,-0.16818181818181818,4.330733340286331,0.1947892485549135,26.75,27.05,27.13333333333333,27.200000000000006,26.2,26.2,26.96,28.65,28.8,28.633333333333336,28.4,27.7,27.7,28.53,25.5,25.75,25.9,26.05,24.9,24.9,25.72000000000001,3.9166666666666665,5.2125,4.8,12.283333333333333,14.03,8.988372093023257,16.316666666666666,19.8125,22.442857142857147,43.64166666666666,39.79,31.04883720930233,0.08333333333333333,0.0,0.0,0.016666666666666666,0.0,0.01627906976744186,6.0,3.375,2.7142857142857144,3.1666666666666665,3.4,3.581395348837209,46.0,0.318149694449513,-0.5263744207693435,0.8410666666666667,179.34,15.2,129.29999999999998,86.1,62.05999999999999,17.55,72.5,54.0,0.2884346301687119,0.031865828092243184,0.2477486108449894,0.15825751309622274,0.12656007830981314,0.03667711598746082,0.16477272727272727,0.21008403361344533
2009-11-21,72.0,-0.17727272727272728,4.276666119016055,0.19807445086705244,26.1,26.45,26.366666666666664,26.6,25.8,25.8,26.32,27.0,27.15,27.1,27.35,26.6,26.6,27.09,25.05,25.3,25.5,25.85,24.8,24.8,25.37,16.099999999999998,13.000000000000005,21.95714285714286,12.075,12.48,14.51162790697674,57.90000000000001,45.5,64.71428571428571,50.725,52.84,53.523255813953504,0.03333333333333333,0.0625,1.1857142857142855,0.0,0.0,0.20930232558139536,4.666666666666667,5.25,6.2857142857142865,5.833333333333332,5.5,5.558139534883722,47.0,-1.1218503055504918,-0.8763744207693485,0.8475999999999999,235.2,11.1,129.29999999999998,76.67,21.46,57.24000000000001,116.0,0.0,0.37827492481142544,0.023270440251572325,0.2477486108449894,0.14092454737616028,0.043763765396851284,0.11962382445141068,0.2636363636363636,0.0
2009-11-28,45.0,-0.23863636363636365,3.80666248977032,0.20135976878612735,27.25,27.75,27.7,27.5,27.1,27.1,27.520000000000003,27.950000000000006,28.55,28.23333333333333,27.75,28.2,28.2,28.140000000000004,26.55,26.75,27.0,27.15,25.7,25.7,26.76,4.2,2.3428571428571425,2.957142857142857,3.6166666666666667,3.14,3.2642857142857142,28.1,11.057142857142859,13.842857142857142,16.46666666666667,16.020000000000003,16.683333333333334,0.0,0.0,0.0,0.0,0.0,0.0,1.8333333333333333,2.0,2.571428571428572,2.0,2.0,2.071428571428572,48.0,-0.07185030555048401,0.5136255792306521,0.8541333333333333,203.02,8.63,93.12,107.78,9.36,60.12000000000001,98.38,0.0,0.3265194525306785,0.01809224318658281,0.1784249856294309,0.1981067916551788,0.01908801696712619,0.12564263322884014,0.2235909090909091,0.0
2009-12-05,64.0,-0.19545454545454544,4.158883083359672,0.20464497109826632,26.2,26.45,26.566666666666666,26.8,26.0,26.0,26.490909090909096,27.15,27.6,27.5,27.66666666666667,27.2,27.2,27.47272727272728,25.25,25.65,25.73333333333333,26.0,25.2,25.2,25.65454545454546,4.283333333333333,9.9875,11.474999999999998,12.653846153846152,6.76,9.544444444444446,19.75,37.0375,52.21249999999999,45.31538461538461,26.64,37.51111111111112,0.0,0.0,0.0,0.0,0.0,0.0,2.333333333333333,2.25,2.25,3.8461538461538463,4.0,3.111111111111111,49.0,-0.34288875046141243,-0.14258895013255213,0.8571290322580645,136.39999999999998,8.58,95.31000000000002,78.44,20.34,75.6,126.68999999999998,12.39,0.21937372340254432,0.017987421383647798,0.18262119179919525,0.1441779248230861,0.041479729178562685,0.15799373040752349,0.2879318181818181,0.04820261437908496
2009-12-12,62.0,-0.2,4.127134385045092,0.20793028901734129,27.05,27.25,27.43333333333333,27.46666666666667,27.0,27.0,27.3,27.55,27.7,27.73333333333333,28.066666666666666,27.3,27.3,27.74545454545455,25.9,26.35,26.53333333333333,26.3,25.8,25.8,26.25454545454545,0.9666666666666668,0.3625,0.1625,3.56923076923077,0.78,1.4266666666666667,5.333333333333333,2.05,1.1625,20.707692307692312,5.02,8.38,0.0,0.0,0.0,0.0,0.0,0.0,1.6666666666666667,1.375,0.75,1.5384615384615383,0.9,1.2444444444444445,50.0,-0.07016147773413905,0.4574110498674386,0.8587096774193548,203.28000000000003,4.38,96.39,81.4,12.42,26.64,118.49,26.04,0.3269376135870178,0.009182389937106916,0.18469055374592835,0.14961860123150447,0.025328330206378983,0.05567398119122257,0.26929545454545456,0.10130718954248363
2009-12-19,73.0,-0.175,4.290459441148391,0.2112154913294802,26.75,27.05,26.96666666666667,27.133333333333336,26.5,26.5,26.945454545454535,27.5,27.950000000000006,27.83333333333333,28.23333333333333,27.4,27.4,27.863636363636363,25.4,25.6,25.566666666666666,25.9,24.7,24.7,25.55454545454546,6.783333333333332,9.1375,9.5,8.264285714285716,10.54,8.932608695652174,20.83333333333333,26.5625,29.025,29.05,36.81,29.22826086956522,0.0,0.0625,0.0,0.014285714285714287,0.06000000000000001,0.028260869565217388,4.333333333333333,5.625,5.125,4.857142857142857,5.6,5.130434782608695,51.0,0.04802034044767467,-0.24258895013255355,0.8602903225806452,155.32,6.72,113.13,99.9,23.4,38.52,142.67999999999995,21.0,0.24980298180999405,0.01408805031446541,0.21676566392029126,0.18362282878411912,0.04772004241781548,0.08050156739811913,0.3242727272727272,0.08169934640522875
2009-12-26,73.0,-0.175,4.290459441148391,0.21450080924855516,26.45,26.65,26.8,26.83333333333333,26.1,26.1,26.65454545454545,27.15,27.5,27.7,27.566666666666666,27.1,27.1,27.472727272727276,25.5,25.65,25.7,26.2,25.3,25.3,25.75454545454545,4.866666666666667,10.5125,9.3,8.428571428571429,10.35,8.895652173913042,12.133333333333333,41.85,33.5625,30.985714285714288,36.81,32.13043478260869,0.0,0.0,0.1,0.27142857142857146,0.22000000000000006,0.14782608695652175,5.0,4.125,4.875,6.5,6.2,5.543478260869565,52.0,-0.34288875046141604,-0.04258895013255781,0.8618709677419355,183.42,9.12,128.49,130.23000000000002,11.34,63.73,57.04,18.27,0.2949965421297265,0.019119496855345912,0.24619658938493966,0.2393713813068652,0.023125866710172117,0.13318704284221525,0.12963636363636366,0.07107843137254903
2010-01-02,68.0,-0.1863636363636364,4.219507705176107,0.2174121387283237,26.8,27.2,27.16666666666667,27.23333333333333,26.8,26.8,27.090909090909093,27.25,27.6,27.8,27.76666666666667,27.1,27.1,27.59090909090909,26.1,26.4,26.46666666666667,26.6,26.1,26.1,26.39090909090909,2.1333333333333333,1.4222222222222218,0.4625,6.221428571428571,1.82,2.8638297872340424,8.750000000000002,5.466666666666666,2.6500000000000004,22.257142857142853,10.27,11.429787234042553,0.0,0.4444444444444444,0.0,0.0,0.0,0.0851063829787234,1.8333333333333333,1.8888888888888888,1.25,3.4285714285714284,2.1,2.276595744680851,53.0,0.003824926023966668,0.6553620908694953,0.8602903225806452,157.43999999999997,9.65,102.92,53.19000000000001,43.47,66.74,78.39999999999998,50.35,0.2532126027309133,0.020230607966457027,0.19720252922015705,0.09776674937965264,0.08864915572232646,0.13947753396029258,0.17818181818181816,0.19588390911920325
2010-01-09,92.0,-0.1318181818181818,4.5217885770490405,0.21938890173410447,26.65,27.05,27.1,27.4,26.8,26.8,27.063636363636366,27.5,28.0,27.866666666666664,27.899999999999995,27.9,27.9,27.83636363636364,25.65,25.85,26.0,26.7,25.8,25.8,26.081818181818186,4.7,4.811111111111113,3.05,4.414285714285715,3.46,4.091489361702127,16.066666666666666,18.133333333333336,14.1875,18.835714285714285,16.2,16.995744680851065,0.0,0.0,0.0,0.0,0.0,0.0,3.5,3.4444444444444446,3.625,2.8571428571428568,2.5,3.1063829787234036,1.0,0.2492794714785127,0.3462711817785937,0.8508064516129032,154.57,11.75,120.59,41.85,24.57,78.96,63.7,48.23,0.2485967479936311,0.024633123689727462,0.2310595899597624,0.07692307692307693,0.050106044538706256,0.1650156739811912,0.14477272727272728,0.18763616557734208
2010-01-16,80.0,-0.1590909090909091,4.382026634673881,0.22136566473988414,26.85,27.25,27.266666666666666,27.366666666666664,26.8,26.8,27.17272727272727,27.200000000000006,27.6,27.5,27.83333333333333,27.3,27.3,27.53636363636364,26.6,26.85,26.866666666666664,27.066666666666666,26.4,26.4,26.82727272727273,0.10000000000000002,0.6555555555555556,0.725,3.0071428571428567,1.7599999999999998,1.531914893617022,0.5,2.9777777777777783,4.8375,18.928571428571434,11.86,9.619148936170212,0.0,0.0,0.0,0.0,0.0,0.0,0.8333333333333334,1.6666666666666667,1.5,1.4285714285714286,1.6,1.4468085106382982,2.0,-0.05072052852148445,1.0917257272331362,0.8413225806451612,197.62,11.7,108.5,41.58000000000001,24.36,38.07,68.6,51.41,0.3178345690528652,0.024528301886792454,0.20789423261161136,0.07642679900744419,0.04967778774777714,0.07956112852664576,0.15590909090909089,0.20000778089013385
2010-01-23,75.0,-0.17045454545454544,4.31748811353631,0.22334242774566496,26.950000000000006,27.05,26.9,27.366666666666664,26.7,26.7,27.04545454545454,27.65,27.8,27.8,27.96666666666667,27.4,27.4,27.781818181818185,25.95,25.950000000000006,26.03333333333333,26.43333333333333,25.8,25.8,26.090909090909093,4.5,6.2,5.05,4.914285714285714,5.04,5.157446808510638,19.03333333333333,25.23333333333333,19.175000000000004,20.942857142857143,18.83,20.77021276595745,0.0,0.0,0.0,0.0,0.0,0.0,3.5,2.333333333333333,2.375,3.6428571428571432,2.0,2.8085106382978724,3.0,0.1947340169330616,0.3553620908695052,0.8318387096774192,163.18,17.099999999999998,131.75,62.37000000000001,9.87,62.98,64.68,146.81,0.2624443122054779,0.035849056603773584,0.25244299674267096,0.11464019851116627,0.020128069173668325,0.13161964472309298,0.14700000000000002,0.5711562402738873
2010-01-30,131.0,-0.04318181818181818,4.875197323201151,0.22531919075144466,27.450000000000006,27.55,27.6,28.0,27.3,27.3,27.645454545454548,27.6,27.8,27.9,28.23333333333333,27.5,27.5,27.88181818181818,27.3,27.35,27.366666666666664,27.766666666666666,27.1,27.1,27.436363636363634,0.8857142857142858,0.38888888888888895,0.375,0.8714285714285713,0.2,0.5604166666666667,4.242857142857143,2.4444444444444446,2.1,5.3,1.46,3.277083333333333,0.0,0.0,0.0,0.0,0.0,0.0,1.4285714285714286,1.6666666666666667,1.125,1.8571428571428568,0.9,1.4375,4.0,0.2947340169330559,1.700816636324042,0.8223548387096774,197.36,9.5,80.69000000000003,95.65,23.07,28.88,112.94,0.0,0.3174164079965261,0.019916142557651992,0.15460816248323433,0.17581104677878873,0.04704706746064116,0.060355276907001036,0.2566818181818182,0.0
2010-02-06,97.0,-0.12045454545454545,4.574710978503383,0.22729595375722544,27.65,27.95,28.1,28.066666666666666,27.6,27.6,27.93636363636364,28.25,28.35,28.399999999999995,28.6,28.0,28.0,28.38181818181818,26.6,27.450000000000006,27.6,27.3,26.9,26.9,27.245454545454546,4.671428571428572,2.28,0.7749999999999999,4.064285714285715,1.2799999999999998,2.681632653061224,32.457142857142856,15.86,5.3875,23.335714285714282,9.04,17.265306122448983,0.0,0.0,0.0,0.0,0.0,0.0,1.1428571428571428,0.9,0.375,1.9285714285714288,1.0,1.163265306122449,5.0,0.6206587089381266,0.901317046515576,0.8107142857142857,237.66000000000003,15.7,96.12000000000002,162.64000000000004,19.62,48.64,122.1,0.0,0.38223137172909605,0.032914046121593286,0.18417321325924507,0.29894311184633776,0.04001142018109144,0.10165099268547544,0.2775,0.0
2010-02-13,111.0,-0.08863636363636364,4.709530201312334,0.2292727167630062,28.25,28.450000000000006,28.5,28.6,28.0,28.0,28.42727272727273,28.5,28.8,28.83333333333333,29.066666666666666,28.3,28.3,28.781818181818185,27.85,28.15,28.066666666666666,27.866666666666664,27.6,27.6,27.94545454545455,0.15714285714285714,0.01,0.05,0.9142857142857144,0.34,0.3632653061224489,0.7571428571428571,0.08,0.375,4.842857142857143,1.64,1.9040816326530612,0.0,0.0,0.0,0.0,0.0,0.0,0.42857142857142855,0.3,0.375,1.5714285714285714,1.1,0.8571428571428571,6.0,1.0206587089381325,1.6013170465155788,0.7987142857142857,221.34,8.1,93.42,125.02,27.54,74.48,133.57,71.1,0.3559837238850379,0.016981132075471698,0.1789998083924123,0.2297950556015073,0.05616281915327514,0.15565308254963428,0.3035681818181818,0.27661064425770304
2010-02-20,52.0,-0.22272727272727272,3.951243718581428,0.2312494797687859,28.2,28.5,28.6,28.3,27.9,27.9,28.363636363636363,28.65,28.8,28.93333333333333,28.8,28.3,28.3,28.763636363636362,27.8,28.05,28.23333333333333,27.633333333333336,27.5,27.5,27.89090909090909,0.7999999999999999,0.27,0.3375,3.6428571428571432,0.5900000000000001,1.385714285714286,4.828571428571428,1.6799999999999995,1.2625,14.435714285714285,2.1500000000000004,5.802040816326532,0.0,0.0,0.0,0.0,0.0,0.0,2.0,1.1,1.5,3.2142857142857144,2.3,2.142857142857143,7.0,1.0024768907563093,1.5467715919701206,0.7867142857142856,215.73,17.25,82.35000000000002,138.7,9.18,83.98,97.31,21.0,0.34696109493864297,0.03616352201257862,0.15778884843839816,0.2549398033269001,0.018720939717758383,0.1755067920585162,0.2211590909090909,0.08169934640522875
2010-02-27,93.0,-0.12954545454545455,4.532599493153255,0.2332262427745667,28.65,28.65,28.766666666666666,28.899999999999995,28.1,28.1,28.7,29.1,29.15,29.066666666666666,29.46666666666667,28.7,28.7,29.16363636363636,28.05,28.1,28.53333333333333,28.2,27.6,27.6,28.19090909090909,4.0,3.3199999999999994,0.05,2.5285714285714285,2.8800000000000003,2.56734693877551,24.814285714285717,13.59,0.2875,13.242857142857142,14.26,13.059183673469386,0.0,0.0,0.0,0.0,0.0,0.0,1.4285714285714286,1.3,0.5,1.7142857142857142,1.7,1.3877551020408163,8.0,1.402476890756308,1.8467715919701213,0.7747142857142858,233.48,11.130000000000004,114.97,56.16,82.46000000000002,76.58,70.39999999999998,22.0,0.3755086285925664,0.023333333333333338,0.22029124353324386,0.1032258064516129,0.1681621665714985,0.16004179728317658,0.15999999999999998,0.0855897914721444
2010-03-06,86.0,-0.14545454545454545,4.4543472962535064,0.2352030057803464,28.95,29.1,28.966666666666665,29.075000000000006,28.65,28.65,28.96923076923077,29.200000000000006,29.2,29.16666666666667,29.25,28.8,28.8,29.146153846153847,28.700000000000006,28.9,28.8,28.85,28.5,28.5,28.76923076923077,2.5857142857142854,0.21,0.15555555555555556,2.0200000000000005,0.8899999999999999,1.1921568627450978,17.571428571428573,1.44,1.1111111111111112,13.606666666666666,6.1800000000000015,8.10392156862745,0.0,0.0,0.0,0.0,0.0,0.0,1.1428571428571428,0.4,0.3333333333333333,1.2,0.2,0.6862745098039216,9.0,0.7570789402280518,2.0840768516733306,0.778032258064516,216.09,10.64,80.86,78.44,91.2,78.48,66.44,0.0,0.3475400871704972,0.02230607966457023,0.1549338953822571,0.1441779248230861,0.18598580634635772,0.16401253918495298,0.151,0.0
2010-03-13,81.0,-0.15681818181818186,4.394449154672439,0.2371797687861272,28.45,28.75,28.766666666666666,28.775,28.450000000000006,28.450000000000006,28.669230769230772,29.4,29.4,29.5,29.425,29.1,29.1,29.384615384615387,27.700000000000006,27.9,27.93333333333333,28.175,27.55,27.55,27.907692307692308,8.485714285714286,5.3900000000000015,4.311111111111111,4.0,7.01,5.533333333333334,30.942857142857143,18.04,15.711111111111114,13.02,25.35,19.35686274509804,0.0,0.0,0.0,0.0,0.0,0.0,3.1428571428571432,2.7,2.0,2.466666666666667,2.4,2.5098039215686274,10.0,0.9955404786895912,1.2225383901348683,0.7839032258064517,216.09,7.07,83.98,82.51,93.1,24.84,75.67999999999998,42.68,0.3475400871704971,0.01482180293501048,0.1609120521172638,0.15165885488466135,0.1898605106452402,0.05191222570532916,0.172,0.16604419545596014
2010-03-20,80.0,-0.1590909090909091,4.382026634673881,0.23915653179190796,26.85,27.05,27.53333333333333,27.625,27.1,27.1,27.31538461538461,28.450000000000006,28.7,28.96666666666667,28.95,28.75,28.75,28.80769230769231,24.9,25.1,25.3,26.175,25.0,25.0,25.43076923076923,10.400000000000002,14.13,10.322222222222221,9.28,11.70909090909091,11.057692307692303,37.5,47.98,32.78888888888889,28.626666666666665,33.99090909090909,35.39807692307693,0.0,0.0,0.0,0.0,0.0,0.0,3.0,3.0,3.0,3.0,3.0,3.0,11.0,0.4186174017665145,-1.2543846867882102,0.7897741935483872,216.58,16.240000000000002,82.16,76.96000000000002,26.22,40.68,85.36,43.56,0.3483281599305209,0.034046121593291415,0.15742479402184326,0.14145758661887695,0.053470919324577856,0.08501567398119123,0.19399999999999998,0.16946778711484595
2010-03-27,67.0,-0.18863636363636366,4.204692619390967,0.24113329479768764,27.55,28.0,27.933333333333334,28.0,27.85,27.85,27.892307692307693,27.95,28.8,28.73333333333333,28.75,28.85,28.85,28.64615384615385,26.85,27.5,27.3,27.125,26.95,26.95,27.153846153846153,7.385714285714285,9.32,13.066666666666665,11.44,7.6090909090909085,9.957692307692307,24.02857142857143,32.92,50.411111111111104,36.03333333333333,29.409090909090907,34.90576923076923,0.0,0.0,0.0,0.0,0.0,0.0,4.0,4.2,3.4444444444444446,3.2,3.4545454545454546,3.5961538461538463,12.0,0.2570789402280553,0.4686922362887138,0.7956451612903226,226.87,20.910000000000004,132.29999999999998,109.65000000000002,60.42,38.46,97.63,34.0,0.3648776878910208,0.043836477987421386,0.25349683847480353,0.20154397573752414,0.12321559670446205,0.08037617554858932,0.22188636363636366,0.13227513227513227
2010-04-03,41.0,-0.24772727272727274,3.7135720667043084,0.2431100578034684,27.5,27.85,28.03333333333333,28.1,27.9,27.9,27.923076923076927,28.450000000000006,28.9,28.8,28.875,28.75,28.75,28.77692307692308,26.65,27.200000000000006,27.2,27.425,27.1,27.1,27.169230769230765,14.642857142857142,8.940000000000003,7.222222222222223,5.966666666666668,6.236363636363635,7.980769230769228,47.12857142857143,36.61,34.56666666666667,24.72666666666667,31.009090909090904,33.05961538461538,0.0,0.0,0.0,0.0,0.0,0.0,3.7142857142857135,3.0,3.111111111111111,2.466666666666667,2.636363636363636,2.8846153846153846,13.0,-0.0050010777935760595,0.2768743680819945,0.8032,225.89,10.5,154.34999999999997,98.90000000000002,52.0,185.22,159.89,0.0,0.3633015423709732,0.0220125786163522,0.29574631155393744,0.18178476242992375,0.10604453870625664,0.3870846394984325,0.3633863636363636,0.0
2010-04-10,72.0,-0.17727272727272728,4.276666119016055,0.2450868208092481,28.1,28.450000000000006,28.366666666666664,28.35,28.05,28.05,28.284615384615392,29.55,29.75,29.53333333333333,29.675,29.25,29.25,29.56923076923077,25.15,25.6,25.866666666666664,26.0,25.65,25.65,25.72307692307692,4.971428571428572,3.2299999999999995,2.1222222222222222,5.673333333333334,7.972727272727273,4.980769230769232,20.771428571428572,12.340000000000002,10.9,20.006666666666668,34.32727272727273,20.088461538461534,0.0,0.0,0.0,0.0,0.0,0.0,2.0,2.1,1.7777777777777777,2.4,2.5454545454545454,2.2115384615384617,14.0,0.7873066145141152,-1.16927947807185,0.813,223.93,16.74,135.1,89.24000000000002,75.66,129.78,149.86,60.52000000000001,0.360149251330878,0.0350943396226415,0.2588618509292968,0.1640290414483963,0.15429480381760338,0.2712225705329154,0.3405909090909091,0.23544973544973544
2010-04-17,61.0,-0.20227272727272727,4.110873864173311,0.2470635838150289,28.15,28.65,28.6,28.880000000000006,28.6,28.6,28.642857142857146,29.1,29.75,29.53333333333333,29.54,29.45,29.45,29.492857142857147,27.15,27.7,28.0,27.96,27.6,27.6,27.764285714285712,18.428571428571427,17.349999999999998,13.633333333333333,9.14,11.272727272727273,13.198076923076927,52.52857142857143,56.48,42.944444444444436,33.559999999999995,36.154545454545456,42.69423076923079,0.0,0.0,0.0,0.0,0.0,0.0,4.714285714285714,3.4,3.0,2.2,2.636363636363636,3.0,15.0,0.7109329881404989,0.8719293131369419,0.8228,198.94,7.68,141.05,89.24000000000002,62.14,147.83999999999997,168.14999999999995,24.82,0.319957540569664,0.01610062893081761,0.2702625023950948,0.1640290414483963,0.12672322375397665,0.3089655172413793,0.3821590909090909,0.09656084656084657
2010-04-24,67.0,-0.18863636363636366,4.204692619390967,0.2490403468208097,27.5,27.9,28.0,28.5,28.200000000000006,28.200000000000006,28.12142857142857,28.05,28.35,28.73333333333333,28.98,28.6,28.6,28.65,27.15,27.450000000000006,27.5,27.92,27.75,27.75,27.62857142857143,14.171428571428573,12.419999999999998,8.522222222222224,9.300000000000002,10.654545454545458,10.707692307692305,49.85714285714285,38.84,33.48888888888889,32.559999999999995,35.27272727272727,36.83076923076923,0.0,0.0,0.022222222222222227,0.0,0.0,0.003846153846153847,3.0,3.0,4.333333333333333,3.6666666666666665,4.0,3.6346153846153846,16.0,-0.13192415471664987,0.7362150274226593,0.8325999999999999,255.29,22.32,140.7,104.42,48.62000000000001,118.86,121.54,28.56,0.4105859079724014,0.04679245283018868,0.26959187583828315,0.19193088870508224,0.09915164369034997,0.2484012539184953,0.2762272727272727,0.1111111111111111
2010-05-01,62.0,-0.2,4.127134385045092,0.25101710982658937,28.0,28.55,28.73333333333333,28.78,28.700000000000006,28.700000000000006,28.614285714285714,29.05,29.9,29.566666666666666,29.98,29.7,29.7,29.707142857142852,26.2,26.7,27.399999999999995,27.14,26.9,26.9,26.964285714285715,14.028571428571427,10.77,2.2888888888888888,8.233333333333334,6.163636363636365,8.034615384615384,55.585714285714296,45.52,11.666666666666664,31.280000000000005,27.22727272727273,33.038461538461554,0.0,0.0,0.0,0.013333333333333334,0.0,0.003846153846153847,2.7142857142857144,3.0,1.8888888888888888,2.6666666666666665,2.636363636363636,2.5961538461538463,17.0,0.3455029289625422,-0.3811523540652431,0.8403870967741934,228.96000000000004,21.059999999999995,147.6,67.33999999999999,122.95999999999998,62.1,109.74,0.0,0.3682390594592856,0.0441509433962264,0.2828127993868557,0.12377538829151732,0.25075454767925603,0.12978056426332288,0.2494090909090909,0.0
2010-05-08,52.0,-0.22272727272727272,3.951243718581428,0.2529938728323702,28.9,29.8,29.53333333333333,29.779999999999994,29.7,29.7,29.592857142857138,29.1,30.2,29.96666666666667,30.26,30.15,30.15,30.007142857142853,28.6,29.15,29.0,29.32,29.3,29.3,29.12142857142857,6.042857142857144,5.9,2.2888888888888888,5.426666666666668,4.463636363636363,4.853846153846155,33.5,32.760000000000005,11.522222222222224,20.89333333333333,24.37272727272727,23.986538461538462,0.0,0.0,0.0,0.0,0.0,0.0,2.2857142857142856,1.7,1.2222222222222223,3.2666666666666666,1.4545454545454546,2.0961538461538463,18.0,0.6455029289625429,1.7759905030776082,0.8360967741935483,218.89,31.59,134.64,99.16,97.73,34.96,35.65,8.879999999999997,0.3520433600849189,0.06622641509433963,0.25798045602605857,0.18226265968201447,0.19930255322620116,0.07306165099268548,0.08102272727272727,0.03454715219421101
2010-05-15,66.0,-0.19090909090909086,4.189654742026425,0.2549706358381499,27.9,28.5,28.600000000000005,28.86,28.7,28.7,28.592857142857138,28.25,29.3,29.23333333333333,29.34,29.45,29.45,29.17142857142857,27.65,28.05,27.933333333333334,28.380000000000006,28.1,28.1,28.092857142857145,8.328571428571427,7.68,8.31111111111111,8.14,10.10909090909091,8.523076923076925,29.057142857142853,25.770000000000003,26.488888888888887,35.086666666666666,36.58181818181818,31.31153846153847,0.0,0.02,0.0,0.0,0.03636363636363637,0.01153846153846154,4.571428571428571,5.3,4.5555555555555545,2.0,4.090909090909091,3.865384615384616,19.0,-0.1902113567517425,0.7474190745061833,0.8318064516129031,217.83,23.67,167.04,41.07,85.54999999999998,77.74000000000002,117.8,26.4,0.3503385496244593,0.04962264150943396,0.3200613144280513,0.07548938516680452,0.17446365935231253,0.16246603970741905,0.2677272727272728,0.10270774976657328
2010-05-22,61.0,-0.20227272727272727,4.110873864173311,0.25694739884393064,27.9,28.450000000000006,28.433333333333334,28.52,28.3,28.3,28.37142857142857,28.45,29.45,29.3,29.48,29.2,29.2,29.25,27.25,26.950000000000006,27.16666666666667,27.18,26.95,26.95,27.12142857142857,8.028571428571428,7.439999999999999,9.97777777777778,12.193333333333335,8.909090909090908,9.640384615384617,37.81428571428571,41.49000000000001,58.70000000000001,44.63333333333333,35.90000000000001,43.698076923076925,0.0,0.02,0.2444444444444444,0.06666666666666668,0.09090909090909093,0.08461538461538462,4.857142857142857,5.2,6.777777777777778,5.266666666666667,5.363636363636363,5.480769230769232,20.0,-0.11163992818031332,-0.2240094969223918,0.8275161290322579,244.86,30.33,161.27999999999997,134.67999999999998,111.64999999999998,100.28000000000002,55.8,12.0,0.3938112163661805,0.06358490566037736,0.3090247173788081,0.24755077658303465,0.2276898605106452,0.20957157784744,0.1268181818181818,0.046685340802987856
2010-05-29,75.0,-0.17045454545454544,4.31748811353631,0.2589241618497114,29.3,29.45,29.5,29.9,29.55,29.55,29.63846153846155,30.3,30.0,30.1,30.46,30.3,30.3,30.26923076923077,28.3,28.75,28.866666666666664,29.3,29.05,29.05,29.0,4.014285714285714,2.01,0.5666666666666667,3.966666666666667,1.7909090909090912,2.5480769230769225,23.37142857142857,10.96,3.333333333333333,22.046666666666663,11.381818181818184,14.598076923076926,0.0,0.0,0.0,0.0,0.0,0.0,1.5714285714285714,1.1,1.0,1.5333333333333334,1.0,1.25,21.0,0.9075908410504568,1.654561931649038,0.8232258064516129,212.64,18.16,138.85,146.8,48.42999999999999,83.79999999999998,75.43,21.87,0.3419914116152275,0.038071278825995813,0.26604713546656444,0.2698281407958828,0.09876417326046168,0.1751306165099268,0.1714318181818182,0.08508403361344538
2010-06-05,74.0,-0.17272727272727273,4.30406509320417,0.2609009248554911,27.35,28.4,28.600000000000005,28.62,28.6,28.6,28.4,27.950000000000006,29.450000000000006,29.566666666666666,29.56,29.55,29.55,29.314285714285717,27.05,27.65,27.566666666666666,27.96,27.75,27.75,27.67142857142857,6.114285714285715,2.2299999999999995,4.544444444444443,6.4,3.5818181818181825,4.642307692307694,26.285714285714285,10.13,22.3,28.69333333333333,17.400000000000002,21.303846153846152,0.2571428571428572,0.0,0.011111111111111113,0.02666666666666667,0.0,0.04423076923076923,4.285714285714286,3.6,3.6666666666666665,3.466666666666667,2.8181818181818183,3.5,22.0,0.11275606401058624,0.6170750631367667,0.8248333333333333,178.13,17.2,135.79999999999998,121.6,115.63,43.46,108.96,88.56,0.28648857294497965,0.036058700209643614,0.26020310404292,0.22350886867015904,0.23580634635777795,0.09082549634273772,0.24763636363636365,0.3445378151260504
2010-06-12,87.0,-0.1431818181818182,4.465908118654584,0.2628776878612719,28.1,28.1,28.266666666666666,28.54,28.200000000000006,28.200000000000006,28.323076923076925,29.2,29.15,29.466666666666665,29.34,29.3,29.3,29.323076923076925,26.7,26.6,26.7,27.360000000000007,26.45,26.45,26.9,2.583333333333333,4.34,4.466666666666667,5.6933333333333325,4.290909090909091,4.5431372549019615,10.4,15.350000000000005,20.911111111111108,23.02,15.19090909090909,17.970588235294127,0.0,0.02,0.0,0.05333333333333334,0.03636363636363637,0.027450980392156862,3.0,4.6,3.6666666666666665,4.2,5.090909090909091,4.235294117647058,23.0,0.121547272801795,-0.1543535082918055,0.8288000000000001,196.46,11.400000000000002,106.39999999999998,169.60000000000005,137.64,76.66999999999999,45.11999999999999,0.0,0.3159689274168905,0.0238993710691824,0.20387047327074145,0.3117360536715376,0.28069173668325315,0.16022988505747124,0.10254545454545452,0.0
2010-06-19,93.0,-0.12954545454545455,4.532599493153255,0.2648544508670516,27.6,27.700000000000006,27.8,27.98,27.85,27.85,27.84615384615385,28.5,28.55,28.5,28.86,28.65,28.65,28.669230769230765,25.9,25.8,25.93333333333333,26.52,26.0,26.0,26.14615384615385,10.283333333333333,14.510000000000002,11.766666666666666,10.96,21.29090909090909,13.947058823529416,35.1,74.2,53.56666666666667,44.48,95.67272727272729,61.84901960784316,0.03333333333333333,0.0,0.0,0.0,0.018181818181818184,0.007843137254901959,4.5,3.8,4.0,4.733333333333333,3.8181818181818175,4.196078431372549,24.0,-0.5322988810443654,-0.9081996621379568,0.8327666666666667,206.33,16.35,98.35,150.0,103.85,107.42,82.55999999999997,63.45,0.3318429644402271,0.03427672955974844,0.18844606246407355,0.275709953129308,0.21178317970470675,0.2244932079414838,0.1876363636363636,0.2468487394957983
2010-06-26,115.0,-0.07954545454545454,4.74493212836325,0.2668312138728324,28.0,28.0,28.100000000000005,27.96,27.85,27.85,27.984615384615378,29.6,29.65,29.566666666666666,29.46,29.35,29.35,29.50769230769231,26.2,26.15,26.46666666666667,26.660000000000004,26.35,26.35,26.45384615384615,23.66666666666667,18.03,12.644444444444444,23.7,16.354545454545452,19.049019607843142,83.06666666666666,74.58,59.111111111111114,76.12666666666667,78.30000000000003,74.10588235294117,0.0,0.0,0.0,0.0,0.0,0.0,4.666666666666667,3.4,4.333333333333333,4.733333333333333,3.8181818181818175,4.196078431372549,25.0,0.30616265741717896,-0.6005073544456536,0.8367333333333333,197.89,19.07,114.09999999999998,161.78,59.21,87.86,39.36,46.44,0.3182688132267559,0.039979035639413,0.21862425752059772,0.2973623747817297,0.12074802186148953,0.18361546499477532,0.08945454545454545,0.18067226890756302
2010-07-03,135.0,-0.03409090909090909,4.90527477843843,0.26880797687861313,27.5,27.3,27.46666666666667,27.26,27.3,27.3,27.338461538461537,28.7,28.45,28.566666666666666,28.42,28.85,28.85,28.546153846153842,25.9,25.75,25.8,26.2,25.9,25.9,25.96923076923077,13.985714285714286,15.35,16.511111111111113,16.48,21.645454545454545,17.025000000000002,47.42857142857142,57.19,63.03333333333334,44.66,64.54545454545455,54.82884615384615,0.35714285714285715,0.23,0.17777777777777776,0.09333333333333332,0.09090909090909093,0.1692307692307692,3.571428571428572,5.4,5.333333333333333,5.133333333333334,5.181818181818182,5.019230769230768,26.0,-0.3207697039909725,-0.8789796835646406,0.8398709677419356,219.24000000000004,26.19,144.89999999999995,151.2,88.2,91.28000000000002,63.69,60.84,0.3526062691992217,0.054905660377358494,0.2776393945200229,0.27791563275434245,0.17986785219022758,0.1907628004179729,0.14475,0.23669467787114845
2010-07-10,105.0,-0.10227272727272728,4.653960350157523,0.27078473988439283,27.9,28.05,28.100000000000005,28.36,28.1,28.1,28.176923076923075,29.5,29.5,29.23333333333333,29.26,29.1,29.1,29.284615384615392,26.8,26.75,27.0,27.52,27.15,27.15,27.169230769230772,7.1571428571428575,1.3199999999999998,0.26666666666666666,2.640000000000001,0.6454545454545454,2.161538461538461,40.642857142857146,7.729999999999999,1.4999999999999998,13.68,3.8363636363636364,11.975,0.0,0.0,0.0,0.0,0.0,0.0,2.2857142857142856,1.9,1.3333333333333333,2.2666666666666666,2.1818181818181817,2.019230769230769,27.0,0.41769183447057395,0.3210203164353587,0.8419032258064516,250.56000000000003,25.2,149.45,75.6,71.68,101.64,65.34,0.0,0.40297859337053904,0.05283018867924528,0.2863575397585744,0.13895781637717122,0.14617831797047068,0.21241379310344827,0.14850000000000002,0.0
2010-07-17,153.0,0.006818181818181818,5.030437921392434,0.27276150289017365,28.05,28.2,28.100000000000005,28.22,27.899999999999995,27.899999999999995,28.10666666666667,28.6,29.35,29.13333333333333,29.140000000000004,28.6,28.6,28.986666666666665,27.25,26.450000000000006,26.66666666666667,26.76,26.7,26.7,26.75333333333333,12.728571428571426,25.76,22.8,15.413333333333336,25.11666666666667,20.462264150943398,69.14285714285714,172.91000000000003,148.75555555555556,99.35333333333332,135.18333333333337,125.74339622641509,0.0,0.0,0.0,0.0,0.6666666666666666,0.1509433962264151,2.571428571428572,2.0,2.0,2.066666666666667,2.083333333333333,2.1132075471698117,28.0,0.11974311652184964,-0.09487711946207612,0.8439354838709677,190.08000000000004,19.89,132.64999999999998,75.17999999999998,57.96000000000001,43.68000000000001,136.29,58.5,0.3057078984190296,0.04169811320754717,0.2541674650316152,0.13818582850840916,0.11819887429643527,0.09128526645768026,0.30975,0.2275910364145658
2010-07-24,121.0,-0.0659090909090909,4.795790545596741,0.2747382658959533,26.25,27.0,27.133333333333336,27.24,27.3,27.3,27.06666666666667,26.950000000000006,27.6,27.766666666666666,27.78,27.866666666666664,27.866666666666664,27.660000000000004,25.7,26.0,26.133333333333336,26.5,26.33333333333333,26.33333333333333,26.21999999999999,11.128571428571426,6.5200000000000005,3.455555555555556,4.306666666666667,8.383333333333333,6.40377358490566,51.64285714285713,22.57,14.611111111111109,15.686666666666667,29.466666666666665,24.671698113207558,0.0,0.0,0.0,0.0,0.0,0.0,4.428571428571429,3.8,3.555555555555556,3.2666666666666666,3.8333333333333335,3.69811320754717,29.0,-1.2069235501448112,-0.6282104527954182,0.8459677419354839,249.48,25.919999999999995,126.34999999999998,106.68,58.52000000000001,70.84,72.60000000000002,39.0,0.40124161667497626,0.05433962264150943,0.2420961870090055,0.19608491866556385,0.1193408924055796,0.14804597701149427,0.165,0.15172735760971054
2010-07-31,123.0,-0.06136363636363636,4.812184355372417,0.2767150289017341,26.95,27.3,27.33333333333333,27.74,27.566666666666666,27.566666666666666,27.46,27.75,28.85,28.633333333333336,28.76,28.766666666666666,28.766666666666666,28.613333333333333,25.95,25.15,25.6,26.42,26.066666666666666,26.066666666666666,25.95333333333333,21.342857142857145,20.31,10.811111111111114,25.92,17.333333333333332,19.747169811320763,55.714285714285715,59.03000000000001,38.03333333333333,72.45333333333333,56.76666666666666,58.31320754716981,0.4857142857142857,0.24000000000000005,0.011111111111111113,0.4666666666666667,0.2,0.2886792452830189,6.142857142857142,5.5,3.888888888888889,5.933333333333334,4.416666666666667,5.188679245283018,30.0,-0.2535902168114781,-0.8948771194620804,0.848,223.42,37.56,118.84,98.49,61.62000000000001,28.98,79.95,0.0,0.35932901233575115,0.07874213836477986,0.2277064571757041,0.18103115522470364,0.1256627783669141,0.06056426332288401,0.18170454545454545,0.0
2010-08-07,127.0,-0.05227272727272727,4.84418708645859,0.2786917919075149,27.7,27.75,27.66666666666667,27.68,27.700000000000006,27.700000000000006,27.692857142857147,29.1,29.05,28.8,28.660000000000004,29.0,29.0,28.85,25.4,25.35,25.5,26.18,25.46666666666667,25.46666666666667,25.70714285714286,4.614285714285714,3.1100000000000003,1.7222222222222219,3.273333333333333,1.6166666666666665,2.7811320754716986,23.857142857142854,19.71,9.977777777777778,17.16,8.683333333333332,15.38679245283019,0.028571428571428574,0.0,0.0,0.0,0.0,0.0037735849056603774,2.571428571428572,1.1,1.0,1.3333333333333333,1.0833333333333333,1.339622641509434,31.0,0.09934164245842324,-1.1085156546669699,0.8466451612903225,211.47,49.32,144.02,186.03,67.47,78.39999999999998,138.45,32.8,0.3401096868617013,0.10339622641509434,0.2759532477486108,0.3419354838709677,0.13759278897136798,0.1638453500522466,0.3146590909090909,0.12760659819483347
2010-08-14,132.0,-0.040909090909090916,4.8828019225863715,0.28066855491329457,28.1,28.05,28.066666666666666,28.16,28.23333333333333,28.23333333333333,28.135714285714283,28.9,28.8,28.7,28.76,28.866666666666664,28.866666666666664,28.785714285714285,27.0,27.0,27.266666666666666,27.12,27.133333333333336,27.133333333333336,27.12857142857143,7.7142857142857135,10.35,4.188888888888888,4.953333333333333,7.3,6.737735849056606,38.6,57.09,17.822222222222226,20.72,34.21666666666666,32.507547169811325,0.0,0.0,0.0,0.0,0.0,0.0,2.571428571428572,3.1,2.4444444444444446,3.4,3.8333333333333335,3.169811320754717,32.0,0.03505592817270653,0.3129129167616007,0.8452903225806452,267.65,32.76,143.64,137.67000000000002,108.42,32.2,135.72000000000003,26.0,0.430464641266063,0.06867924528301886,0.27522513891550104,0.2530465949820789,0.22110286320254507,0.06729362591431556,0.30845454545454554,0.10115157173980703
2010-08-21,147.0,-0.006818181818181818,4.990432586778736,0.2826453179190754,26.8,26.95,26.93333333333333,26.840000000000003,26.96666666666667,26.96666666666667,26.9,27.5,27.35,27.633333333333336,27.36,27.66666666666667,27.66666666666667,27.492857142857147,25.6,26.05,25.6,25.72,25.566666666666666,25.566666666666666,25.699999999999992,14.242857142857144,10.76,14.288888888888886,10.859999999999998,8.233333333333334,11.275471698113208,53.61428571428571,30.72000000000001,46.06666666666666,35.026666666666664,27.96666666666667,36.94528301886793,0.0,0.02,0.022222222222222227,0.013333333333333334,0.0,0.011320754716981131,5.7142857142857135,5.2,4.4444444444444455,5.333333333333333,5.083333333333333,5.150943396226415,33.0,-1.2578012146844344,-1.115658511809837,0.8439354838709677,219.95000000000005,30.84,107.92,117.78,26.130000000000006,73.5,138.45,0.0,0.3537481705453786,0.06465408805031446,0.20678290860318066,0.21648745519713264,0.053287380699893964,0.1536050156739812,0.3146590909090909,0.0
2010-08-28,123.0,-0.06136363636363636,4.812184355372417,0.2846220809248551,27.85,28.2,28.23333333333333,28.22,28.53333333333333,28.53333333333333,28.233333333333334,28.55,29.2,28.899999999999995,28.860000000000007,29.0,29.0,28.9,27.1,26.95,27.366666666666664,27.4,27.866666666666664,27.866666666666664,27.38666666666666,10.571428571428571,6.01,2.588888888888889,6.88,3.9166666666666665,5.80377358490566,41.55714285714286,25.7,11.966666666666665,37.00666666666667,15.466666666666667,26.345283018867928,0.0,0.0,0.0,0.0,0.0,0.0,1.7142857142857142,2.0,1.6666666666666667,1.6,1.8333333333333333,1.7547169811320755,34.0,0.14934164245842396,0.5710081548568304,0.8425806451612904,214.62,40.86,129.64,166.62,17.55,102.97,105.95,23.45,0.3451758688904257,0.08566037735849058,0.24840007664303496,0.3062586159360353,0.035790031813361614,0.21519331243469175,0.24079545454545456,0.0912309368191721
2010-09-04,145.0,-0.011363636363636364,4.976733742420574,0.28659884393063584,28.5,28.5,28.266666666666666,28.34,28.266666666666666,28.266666666666666,28.342857142857145,29.2,29.25,28.933333333333334,28.96,29.03333333333333,29.03333333333333,29.02857142857143,27.2,27.1,27.16666666666667,27.5,27.2,27.2,27.285714285714285,2.8,6.819999999999999,5.1,4.78,7.566666666666666,5.588679245283019,14.042857142857144,37.56,28.11111111111111,20.386666666666667,41.516666666666666,28.884905660377363,0.0,0.0,0.0,0.0,0.0,0.0,2.0,2.0,1.5555555555555556,1.9333333333333331,1.6666666666666667,1.8301886792452833,35.0,0.2586909916214957,0.7929287835319734,0.8397333333333333,265.05,27.9,117.0,195.52,121.51,111.3,144.04000000000005,30.8,0.4262830307026714,0.058490566037735836,0.22418087756275146,0.35937873357228195,0.2477975365037931,0.23260188087774294,0.3273636363636364,0.11982570806100215
2010-09-11,120.0,-0.06818181818181818,4.787491742782046,0.2885756069364166,27.3,27.25,27.2,27.4,27.43333333333333,27.43333333333333,27.335714285714282,28.5,28.55,28.46666666666667,28.44,28.43333333333333,28.43333333333333,28.464285714285715,26.2,26.3,26.3,26.340000000000003,26.26666666666667,26.26666666666667,26.299999999999994,10.3,10.750000000000002,5.855555555555557,5.513333333333334,12.366666666666667,8.713461538461539,48.56666666666666,57.14,26.0,26.18666666666667,71.06666666666666,45.04615384615386,0.0,0.0,0.0,0.0,0.0,0.0,2.6666666666666665,2.4,2.4444444444444446,2.6,2.4166666666666665,2.5,36.0,-0.3055947226642175,-0.1927855021823106,0.8357666666666667,287.85,48.24,154.08,189.88,43.5,217.3,142.48000000000005,59.5,0.4629525387201054,0.10113207547169813,0.2952289710672542,0.34901203933462,0.08871033526388776,0.4541274817136886,0.32381818181818184,0.23148148148148145
2010-09-18,175.0,0.05681818181818181,5.1647859739235145,0.2905523699421963,28.1,28.200000000000006,28.13333333333333,28.2,28.366666666666664,28.366666666666664,28.214285714285715,29.1,29.1,29.23333333333333,29.12,29.5,29.5,29.22142857142857,26.5,26.45,26.53333333333333,26.96,26.53333333333333,26.53333333333333,26.67142857142857,4.033333333333333,8.580000000000002,5.877777777777778,6.753333333333334,10.776923076923078,7.628301886792452,15.800000000000002,41.71,24.3,32.54666666666667,51.815384615384616,35.70566037735849,0.0,0.0,0.0,0.0,0.0,0.0,1.6666666666666667,1.8,2.333333333333333,1.3333333333333333,1.0,1.5471698113207548,37.0,0.4515481344786387,0.1786430692462666,0.8318000000000001,258.78,26.82,115.56,153.21999999999997,66.99,156.88000000000005,151.84,83.65,0.41619891599787706,0.05622641509433962,0.22142172830044066,0.2816285267898171,0.13661391630638714,0.3278578892371996,0.3450909090909091,0.3254357298474945
2010-09-25,182.0,0.07272727272727272,5.204006687076795,0.2925291329479771,27.5,27.6,27.766666666666666,27.6,27.866666666666664,27.866666666666664,27.685714285714287,29.0,28.9,28.66666666666667,28.660000000000004,28.9,28.9,28.771428571428572,26.7,26.75,26.83333333333333,26.880000000000006,26.96666666666667,26.96666666666667,26.857142857142854,10.266666666666667,10.489999999999998,6.711111111111113,9.553333333333333,5.953333333333332,8.354545454545457,29.3,33.92999999999999,28.266666666666666,44.66,20.72,31.82181818181819,0.0,0.0,0.0,0.0,0.3333333333333333,0.09090909090909093,4.333333333333333,4.2,3.2222222222222223,4.533333333333333,3.466666666666667,3.945454545454545,38.0,0.0015481344786358875,0.3643573549605499,0.8278333333333333,263.7,28.15,133.04,200.92,111.79,104.28,165.94000000000003,32.55,0.4241118098332181,0.0590146750524109,0.254914734623491,0.36930429188493696,0.2279753650379313,0.21793103448275866,0.3771363636363637,0.12663398692810454
2010-10-02,168.0,0.040909090909090916,5.123963979403259,0.2945058959537568,27.4,27.6,27.8,28.08,28.0,28.0,27.885714285714286,28.8,28.8,29.03333333333333,28.84,28.93333333333333,28.93333333333333,28.892857142857146,26.5,26.6,26.899999999999995,27.360000000000007,26.866666666666664,26.866666666666664,26.985714285714288,8.542857142857143,13.68,9.422222222222224,4.1466666666666665,13.113333333333333,9.648214285714287,23.57142857142857,54.62000000000001,40.54444444444445,17.84666666666667,52.01333333333333,37.92857142857143,0.0,0.0,0.0,0.0,0.0,0.0,3.1428571428571432,1.6,1.1111111111111112,1.2666666666666666,1.0,1.4642857142857142,39.0,0.11016786458483097,0.2113245277946092,0.8248709677419355,224.19,31.04,154.0,103.84,97.75,64.75,121.79999999999998,27.93,0.3605674123872171,0.0650733752620545,0.29507568499712583,0.19086481021964896,0.199343339587242,0.13531870428422152,0.2768181818181818,0.10866013071895424
2010-10-09,169.0,0.04318181818181818,5.1298987149230735,0.2964826589595376,28.3,28.4,28.2,28.58,28.5,28.5,28.435714285714287,29.6,29.85,29.0,29.64,29.7,29.7,29.54285714285714,26.9,26.7,27.16666666666667,27.82,27.66666666666667,27.66666666666667,27.42142857142857,2.6,3.98,0.7888888888888891,2.033333333333333,1.7933333333333332,2.1875,14.585714285714285,21.56,3.2888888888888888,12.186666666666667,10.04,12.155357142857143,0.0,0.0,0.0,0.0,0.0,0.0,1.8571428571428568,2.3,2.6666666666666665,2.533333333333333,2.0,2.2857142857142856,40.0,0.7601678645848295,0.6470388135088925,0.8244193548387097,230.02,22.88,165.89999999999995,101.64,38.5,88.2,97.44,13.87,0.3699438699197452,0.047966457023060786,0.3178769879287219,0.18682106424041908,0.07851374500367078,0.18432601880877744,0.22145454545454546,0.05396047307812014
2010-10-16,147.0,-0.006818181818181818,4.990432586778736,0.29845942196531833,28.633333333333336,29.35,28.9,29.28,29.399999999999995,29.399999999999995,29.11875000000001,29.2,30.15,29.6,29.98,30.23333333333333,30.23333333333333,29.83125,27.6,27.5,27.3,27.64,27.46666666666667,27.46666666666667,27.51875,2.1875,1.9,0.8666666666666666,2.0333333333333337,1.7199999999999998,1.764912280701754,12.1125,12.79,5.633333333333334,9.746666666666668,11.466666666666667,10.415789473684214,0.0,0.0,0.0,0.0,0.0,0.0,2.0,1.9,2.0,2.0,2.066666666666667,2.0,41.0,1.048560721727689,0.7443602420803188,0.8239677419354838,224.19,42.08000000000001,115.5,73.48,63.25,104.65,81.78,32.68,0.3605674123872171,0.08821802935010484,0.2213067637478444,0.13506111570627702,0.12898686679174484,0.2187042842215256,0.1858636363636364,0.1271397447868036
2010-10-23,152.0,0.004545454545454545,5.0238805208462765,0.30043618497109803,27.85,28.15,28.26666666666667,28.52,28.8,28.8,28.38666666666667,28.6,28.9,29.0,29.12,29.633333333333336,29.633333333333336,29.1,26.8,27.2,27.700000000000006,27.559999999999995,28.03333333333333,28.03333333333333,27.53333333333333,5.512500000000001,7.42,8.677777777777777,10.74,4.14,7.36140350877193,33.1,29.25,36.58888888888888,50.54666666666667,19.01333333333333,33.859649122807014,0.0,0.0,0.03333333333333333,0.0,0.0,0.005263157894736842,1.25,3.2,3.2222222222222223,1.6666666666666667,2.333333333333333,2.298245614035088,42.0,0.3173107217276865,0.758943575413646,0.8235161290322579,243.8,30.0,143.85,149.6,58.75,80.15,95.12,13.3,0.3921064059057208,0.06289308176100629,0.27562751484958803,0.27497472658762984,0.11980993555754955,0.16750261233019856,0.21618181818181814,0.05174291938997822
2010-10-30,132.0,-0.040909090909090916,4.8828019225863715,0.30241294797687884,26.9,27.05,27.0,27.420000000000005,27.36666666666667,27.36666666666667,27.1875,27.8,28.2,27.8,28.44,28.66666666666667,28.66666666666667,28.2125,26.100000000000005,26.25,26.3,26.660000000000004,26.566666666666666,26.566666666666666,26.418750000000006,8.425,10.39,8.211111111111112,7.3133333333333335,10.873333333333333,9.087719298245617,29.35,32.27,30.055555555555557,24.58,34.84,30.16315789473685,0.175,0.0,0.0,0.02666666666666667,0.02666666666666667,0.03859649122807017,6.0,3.3,3.0,3.8,3.6,3.842105263157895,43.0,-0.5701892782723093,-0.35563975791967906,0.8230645161290322,258.84000000000003,30.33,164.28,75.5,92.25,132.35,71.31,33.0,0.41629541470318615,0.06358490566037736,0.3147729450086223,0.1387740097417517,0.18812709030100333,0.2765935214211076,0.16206818181818186,0.1283846872082166
2010-11-06,102.0,-0.10909090909090907,4.624972813284272,0.3043897109826585,27.950000000000006,28.3,28.066666666666666,28.42,28.33333333333333,28.33333333333333,28.25333333333333,29.6,29.95,29.3,29.64,29.566666666666666,29.566666666666666,29.593333333333334,27.4,27.65,27.1,27.66,27.566666666666666,27.566666666666666,27.49333333333333,4.775000000000001,3.81,4.966666666666667,3.033333333333333,5.040000000000001,4.247368421052632,20.525,15.76,14.688888888888886,15.659999999999998,16.653333333333332,16.468421052631573,0.05,0.0,0.0,0.013333333333333334,0.0,0.010526315789473686,4.125,3.0,2.888888888888889,2.6666666666666665,3.066666666666667,3.0701754385964914,44.0,1.3814830277828491,1.2469589125639828,0.8301999999999999,237.15,34.09,139.32,188.0,121.25,91.2,91.65,56.76000000000001,0.3814111327339692,0.07146750524109015,0.26694769112856864,0.3455564745887327,0.24726731381026185,0.19059561128526648,0.20829545454545453,0.22082166199813255
2010-11-13,116.0,-0.07727272727272727,4.7535901911063645,0.3063664739884393,26.85,27.05,26.96666666666667,27.32,27.3,27.3,27.146666666666665,27.9,28.15,27.83333333333333,28.26,28.66666666666667,28.66666666666667,28.19333333333333,26.15,26.3,26.23333333333333,26.7,26.33333333333333,26.33333333333333,26.40666666666667,4.4625,3.89,5.366666666666666,4.34,7.473333333333334,5.264912280701753,16.9125,12.69,21.844444444444445,19.01333333333333,30.173333333333336,20.99298245614035,0.0,0.0,0.0,0.0,0.013333333333333334,0.003508771929824561,3.0,3.0,3.6666666666666665,3.1333333333333333,3.533333333333333,3.280701754385965,45.0,-0.018516972217152983,0.16029224589732038,0.8386,221.85,29.96,190.92,106.0,97.75,111.36,194.58,0.0,0.3568039628801647,0.06280922431865828,0.3658172063613719,0.19483503354471102,0.199343339587242,0.23272727272727275,0.4422272727272728,0.0
2010-11-20,92.0,-0.1318181818181818,4.5217885770490405,0.3083432369942201,25.8,26.55,26.83333333333333,26.84,27.1,27.1,26.65625,26.66666666666667,28.0,27.96666666666667,27.880000000000006,28.53333333333333,28.53333333333333,27.80625,25.2,25.55,25.96666666666667,25.98,25.96666666666667,25.96666666666667,25.775,19.6875,14.699999999999998,13.988888888888885,9.253333333333334,12.033333333333335,13.152631578947362,69.9375,42.06,44.8,42.246666666666655,54.96,49.84912280701753,0.125,0.4400000000000001,0.0,0.04,0.040000000000000015,0.11578947368421053,5.5,5.0,3.333333333333333,4.133333333333334,3.933333333333333,4.298245614035086,46.0,-0.4056003055504896,-0.4713744207693509,0.847,196.35,26.11,196.08,128.5,52.25,109.44,101.05,17.16,0.31579201312382393,0.05473794549266247,0.3757041578846521,0.2361915265141072,0.10655436821926748,0.2287147335423197,0.2296590909090909,0.06676003734827264
2010-11-27,81.0,-0.15681818181818186,4.394449154672439,0.31031999999999976,27.0,27.25,27.46666666666667,27.52,27.96666666666667,27.96666666666667,27.49333333333333,28.05,28.25,28.33333333333333,28.5,29.0,29.0,28.47333333333333,25.700000000000006,26.05,26.16666666666667,26.22,26.53333333333333,26.53333333333333,26.18,14.275,11.04,9.077777777777778,6.053333333333336,4.099999999999999,8.045614035087718,48.7625,46.83,38.611111111111114,26.06,19.053333333333335,33.02807017543859,0.0,0.06,0.0,0.0,0.0,0.010526315789473684,3.875,4.1,2.7777777777777777,4.133333333333334,3.2666666666666666,3.649122807017544,47.0,0.2614830277828446,-0.06637442076934974,0.8554,194.38,21.07,160.96,187.3,78.94,170.61999999999995,104.37,65.17,0.31262363896617723,0.04417190775681342,0.30841157309829464,0.34426982814079593,0.16098376702830572,0.3565726227795193,0.2372045454545455,0.25354030501089325
2010-12-04,98.0,-0.11818181818181818,4.584967478670572,0.3122967630057806,26.066666666666666,26.6,26.73333333333333,26.78,27.03333333333333,27.03333333333333,26.6625,26.66666666666667,27.65,27.633333333333336,27.74,28.46666666666667,28.46666666666667,27.643750000000004,25.566666666666666,25.9,26.133333333333336,25.879999999999995,25.933333333333334,25.933333333333334,25.88125,27.3375,25.27,18.566666666666674,16.900000000000002,16.346666666666664,19.95087719298246,82.98749999999998,66.28,62.64444444444444,52.12666666666667,43.33333333333334,58.28771929824561,0.025,0.02,0.0,0.013333333333333334,0.02666666666666667,0.017543859649122806,3.5,3.4,3.0,3.2666666666666666,3.733333333333333,3.4035087719298245,48.0,-0.17186602318868438,0.08411559532198609,0.8582258064516128,230.02,19.67,163.17000000000004,141.47,88.44000000000003,85.5,92.88,28.42,0.3699438699197452,0.04123689727463313,0.3126461007855911,0.2600312471280213,0.18035728852271804,0.1786833855799373,0.21109090909090908,0.1105664488017429
2010-12-11,87.0,-0.1431818181818182,4.465908118654584,0.3142735260115603,27.1,27.35,27.23333333333333,27.440000000000005,27.566666666666666,27.566666666666666,27.36666666666667,27.65,27.75,27.83333333333333,27.98,28.133333333333336,28.133333333333336,27.90666666666667,26.25,26.6,26.766666666666666,26.72,27.03333333333333,27.03333333333333,26.713333333333345,0.8250000000000001,1.3,1.6333333333333333,2.4266666666666667,2.5466666666666664,1.9105263157894736,4.025,5.48,6.677777777777778,10.1,10.186666666666667,7.9192982456140335,0.0,0.0,0.0,0.0,0.0,0.0,2.0,1.7,2.1111111111111107,2.4,1.9333333333333331,2.0526315789473686,49.0,0.0910506434779812,0.9161989286553299,0.8568709677419355,242.74,21.35,129.87,104.06000000000002,77.55000000000003,93.48,97.18,28.42,0.3904015954452612,0.044758909853249484,0.2488407740946541,0.191269184817572,0.15814911493596542,0.19536050156739806,0.2208636363636364,0.1105664488017429
2010-12-18,80.0,-0.1590909090909091,4.382026634673881,0.31625028901734104,26.700000000000006,26.9,26.7,27.140000000000004,27.133333333333336,27.133333333333336,26.96,28.05,28.4,28.066666666666666,28.18,28.5,28.5,28.23333333333333,25.15,25.5,25.866666666666664,25.74,25.9,25.9,25.686666666666664,2.5875,2.6000000000000005,4.4,2.62,3.0133333333333336,2.9964912280701745,5.8625,8.030000000000001,19.12222222222222,9.133333333333333,9.759999999999998,10.222807017543854,0.0,0.0,0.0,0.040000000000000015,0.040000000000000015,0.021052631578947368,4.25,4.2,4.4444444444444455,4.4,5.666666666666668,4.684210526315789,50.0,0.4177173101446421,-0.1104677380113479,0.8555161290322579,204.58,15.89,140.97,109.22,86.79,105.26,84.28,28.71,0.32902841886871353,0.03331236897274633,0.27010921632496643,0.20075360720522006,0.1769924137368464,0.21997910135841173,0.19154545454545452,0.11169467787114844
2010-12-25,94.0,-0.12727272727272726,4.543294782270004,0.3182270520231218,26.55,26.7,26.66666666666667,26.820000000000004,26.9,26.9,26.75333333333333,27.25,27.4,27.23333333333333,27.2,27.2,27.2,27.24000000000001,25.95,26.25,26.26666666666667,26.26,26.3,26.3,26.22666666666667,4.9125000000000005,2.93,3.311111111111111,9.340000000000002,6.453333333333332,5.882456140350878,28.975,18.55,17.044444444444444,53.48666666666666,33.36,32.86666666666667,0.0,0.0,0.0,0.0,0.0,0.0,2.25,1.5,1.7777777777777777,2.466666666666667,2.2666666666666666,2.1052631578947367,51.0,-0.5756160231886831,0.4295322619886584,0.8541612903225807,226.31,26.880000000000006,135.79000000000002,93.74,111.21,100.32,54.18,29.0,0.3639770333081365,0.05635220125786164,0.2601839432841541,0.17230034004227554,0.22679256056774616,0.2096551724137931,0.12313636363636365,0.11282290694055397
2011-01-01,87.0,-0.1431818181818182,4.465908118654584,0.3202601156069364,26.15,26.35,26.433333333333334,26.28,26.16666666666667,26.16666666666667,26.28,27.0,27.15,27.23333333333333,26.62,26.866666666666664,26.866666666666664,26.913333333333334,25.15,25.3,25.33333333333333,25.7,25.26666666666667,25.26666666666667,25.41333333333333,2.5375,2.71,1.1444444444444446,7.026666666666666,7.006666666666666,4.705263157894737,12.2125,9.63,3.7888888888888888,41.25333333333333,28.55333333333333,22.371929824561406,0.0,0.02,0.0,0.0,0.16000000000000006,0.0456140350877193,3.125,3.1,2.2222222222222223,2.0,5.266666666666667,3.245614035087719,52.0,-0.6737508315517857,-0.32221366670625784,0.8531612903225806,286.51999999999987,31.600000000000005,158.0,172.0,101.60000000000002,99.76,141.0,14.19,0.4608134840857551,0.06624737945492662,0.3027399885035447,0.3161474129216065,0.20719471408760914,0.20848484848484847,0.32045454545454544,0.055205415499533145
2011-01-08,87.0,-0.1431818181818182,4.465908118654584,0.32263144508670544,26.1,26.25,26.366666666666664,26.440000000000005,26.33333333333333,26.33333333333333,26.33333333333333,27.4,27.5,27.73333333333333,27.32,27.366666666666664,27.366666666666664,27.446666666666665,24.700000000000006,24.9,25.1,25.6,25.23333333333333,25.23333333333333,25.21333333333333,7.737499999999999,7.639999999999999,14.944444444444445,7.579999999999999,4.486666666666666,7.961403508771928,32.3875,28.96,66.36666666666666,23.660000000000004,14.693333333333333,30.19824561403509,0.0,0.02,0.0,0.06666666666666668,0.05333333333333334,0.03508771929824561,4.0,4.2,4.222222222222221,4.666666666666667,4.733333333333333,4.43859649122807,1.0,-0.14041749821845784,-0.5222136667062571,0.8542903225806451,280.14,29.44,140.40000000000003,207.0,90.4,93.74,148.5,56.43000000000001,0.4505524550878942,0.061719077568134176,0.2690170530753018,0.3804797353184449,0.18435435190472307,0.19590386624869385,0.3375,0.2195378151260504
2011-01-15,102.0,-0.10909090909090907,4.624972813284272,0.3250028901734104,25.55,25.75,26.0,25.660000000000004,25.83333333333333,25.83333333333333,25.759999999999994,26.6,26.75,26.8,26.42,26.83333333333333,26.83333333333333,26.646666666666665,24.5,24.6,24.83333333333333,24.880000000000006,24.633333333333336,24.633333333333336,24.73333333333333,8.5,9.27,8.411111111111111,12.340000000000002,12.57333333333333,10.70350877192982,20.474999999999994,25.36,27.37777777777778,31.446666666666676,36.873333333333335,29.624561403508764,0.225,0.0,0.0,0.4666666666666667,0.24,0.2175438596491228,3.125,3.7,3.2222222222222223,5.533333333333332,5.066666666666666,4.385964912280701,2.0,-0.9404174982184584,-1.0022136667062576,0.8554193548387096,291.74,26.879999999999995,141.2,152.0,134.0,124.7,162.0,45.87000000000001,0.4692088714476415,0.056352201257861625,0.2705499137765855,0.27938608583769875,0.2732686189738152,0.26060606060606056,0.36818181818181817,0.1784547152194211
2011-01-22,64.0,-0.19545454545454544,4.158883083359672,0.3273742196531794,26.16666666666667,26.2,26.366666666666664,26.575,26.566666666666666,26.566666666666666,26.4,26.6,26.8,26.933333333333334,27.15,27.133333333333336,27.133333333333336,26.94666666666667,25.46666666666667,25.25,25.433333333333334,25.7,25.66666666666667,25.66666666666667,25.53333333333333,1.985714285714286,2.45,1.9777777777777776,1.5133333333333334,2.04,1.955357142857143,8.214285714285714,14.46,10.222222222222221,9.66,12.886666666666665,11.291071428571426,0.0,0.0,0.0,0.0,0.0,0.0,1.5714285714285714,1.3,1.3333333333333333,1.2666666666666666,1.4666666666666666,1.375,3.0,-0.6404174982184543,-0.20221366670625684,0.8565483870967742,300.43999999999994,32.96,157.60000000000005,155.5,106.0,129.43,158.0,54.78000000000001,0.4832011837174517,0.06909853249475892,0.30197355815290283,0.28581931807738264,0.21616771351660005,0.270491118077325,0.3590909090909091,0.2131185807656396
2011-01-29,68.0,-0.1863636363636364,4.219507705176107,0.3297455491329484,26.05,26.1,26.566666666666666,26.24,26.3,26.3,26.27333333333333,27.45,27.55,27.566666666666666,27.52,27.66666666666667,27.66666666666667,27.55333333333333,24.95,25.05,25.8,25.14,25.23333333333333,25.23333333333333,25.253333333333334,21.257142857142856,20.630000000000006,16.32222222222222,20.093333333333327,19.22,19.494642857142868,62.05714285714286,54.34,51.88888888888889,51.06,53.78,53.88214285714286,0.0,0.0,0.0,0.0,0.0,0.0,3.1428571428571432,2.7,2.888888888888889,4.333333333333333,3.333333333333333,3.3928571428571432,4.0,-0.033750831551788714,-0.4822136667062544,0.8576774193548387,310.95999999999987,20.42,166.95999999999995,144.5,209.38,127.02,165.5,24.92,0.5001206233816362,0.04280922431865828,0.3199080283579229,0.2656005881812334,0.4269924137368464,0.2654545454545455,0.3761363636363637,0.09694989106753812
2011-02-05,36.0,-0.2590909090909091,3.58351893845611,0.3321168786127163,25.066666666666666,25.25,25.53333333333333,25.45,25.46666666666667,25.46666666666667,25.36666666666667,26.266666666666666,26.4,26.46666666666667,26.55,26.633333333333336,26.633333333333336,26.47333333333333,23.366666666666664,23.35,23.633333333333336,23.875,23.633333333333336,23.633333333333336,23.606666666666666,18.471428571428564,22.74,27.52222222222223,12.993333333333334,15.046666666666667,18.303571428571427,97.54285714285714,107.81,158.9222222222222,51.96000000000001,60.38666666666666,87.07857142857141,0.0,0.0,0.0,0.013333333333333334,0.0,0.0035714285714285718,4.714285714285714,4.9,5.111111111111111,4.2,4.333333333333333,4.571428571428571,5.0,-1.28782613954672,-2.737470832272308,0.8496071428571429,263.94,18.05,229.92,174.5,82.25,105.61,123.0,28.000000000000004,0.4244978046544543,0.03784067085953879,0.4405441655489557,0.3207425788070949,0.16773390978056935,0.22071055381400206,0.2795454545454545,0.10893246187363836
2011-02-12,60.0,-0.20454545454545456,4.0943445622220995,0.3344882080924853,26.6,26.65,26.73333333333333,26.92,27.0,27.0,26.82,27.0,27.25,27.46666666666667,27.46,27.43333333333333,27.43333333333333,27.36666666666667,26.15,26.2,26.16666666666667,26.559999999999995,26.6,26.6,26.386666666666667,10.685714285714283,6.260000000000002,1.0444444444444445,3.286666666666666,4.426666666666666,4.6875,47.05714285714286,31.899999999999995,6.788888888888889,16.766666666666666,25.68,24.03928571428571,0.0,0.0,0.0,0.0,0.0,0.0,3.2857142857142856,2.0,0.8888888888888888,1.6666666666666667,1.7333333333333334,1.8214285714285716,6.0,-0.3944928062133819,0.042529167727693114,0.8378571428571427,261.82,14.45,223.2,133.0,91.18,156.93999999999997,160.5,0.0,0.4210881837335349,0.03029350104821803,0.427668135658172,0.2444628251079864,0.18594501998531693,0.3279832810867293,0.3647727272727273,0.0
2011-02-19,71.0,-0.17954545454545456,4.262679877041316,0.33685953757225434,27.200000000000006,27.25,27.6,27.46,27.46666666666667,27.46666666666667,27.426666666666666,28.0,28.05,28.100000000000005,28.06,28.3,28.3,28.106666666666666,26.75,26.65,27.33333333333333,26.860000000000007,26.93333333333333,26.93333333333333,26.92666666666667,3.928571428571429,5.420000000000001,1.7222222222222223,4.786666666666667,4.239999999999998,4.1535714285714285,13.514285714285714,22.01,8.266666666666666,27.25333333333333,20.24,19.66964285714285,0.0,0.0,0.0,0.0,0.0,0.0,2.0,2.0,1.7777777777777777,1.8666666666666667,2.0,1.9285714285714288,7.0,0.34550719378660943,0.5825291677276994,0.8261071428571428,268.71000000000004,14.150000000000002,190.56,172.0,115.14999999999998,185.26,123.5,40.32000000000001,0.4321694517265227,0.029664570230607968,0.36512741904579415,0.3161474129216065,0.2348274736927971,0.3871682340647858,0.2806818181818182,0.15686274509803924
2011-02-26,55.0,-0.2159090909090909,4.007333185232471,0.3392308670520233,27.15,27.25,27.566666666666666,27.040000000000006,27.266666666666666,27.266666666666666,27.233333333333334,27.55,27.75,27.866666666666664,27.72,28.0,28.0,27.786666666666665,26.65,26.75,27.16666666666667,26.64,26.93333333333333,26.93333333333333,26.82,5.799999999999999,8.010000000000002,4.177777777777777,10.046666666666667,8.793333333333331,7.873214285714285,30.45714285714286,36.040000000000006,22.155555555555555,38.96,31.44,32.660714285714285,0.0,0.0,0.0,0.0,0.0,0.0,3.4285714285714284,3.7,3.0,4.2,4.533333333333333,3.9107142857142856,8.0,0.025507193786612703,0.4758625010610302,0.8143571428571428,307.32,11.6,172.63999999999996,123.5,50.79,149.24,188.62,0.0,0.494266368592888,0.02431865828092243,0.3307913393370376,0.2270011947431303,0.10357696386328412,0.3118913270637409,0.4286818181818182,0.0
2011-03-05,66.0,-0.19090909090909086,4.189654742026425,0.3416021965317924,26.75,26.9,26.9,27.140000000000004,27.1,27.1,27.0,27.4,27.35,27.4,27.660000000000004,27.566666666666666,27.566666666666666,27.513333333333332,25.9,25.95,26.0,26.5,26.4,26.4,26.226666666666674,8.528571428571428,6.0,6.188888888888888,1.9733333333333332,4.733333333333333,4.9285714285714315,31.485714285714288,25.860000000000007,24.855555555555554,10.406666666666668,23.133333333333336,21.532142857142862,0.0,0.0,0.0,0.0,0.0,0.0,3.0,2.8,3.111111111111111,1.8,2.466666666666667,2.517857142857143,9.0,-0.8757415725924638,-0.4584872508907658,0.8180967741935483,274.94,14.85,125.78,153.45000000000005,84.38999999999999,149.45999999999995,175.73999999999995,71.5,0.44218923396111104,0.03113207547169812,0.2410040237593408,0.2820512820512821,0.1720980504119422,0.31235109717868337,0.3994090909090909,0.2781668222844693
2011-03-12,70.0,-0.18181818181818185,4.248495242049359,0.3439735260115603,26.05,26.3,26.133333333333336,26.320000000000004,26.53333333333333,26.53333333333333,26.286666666666665,27.3,27.5,27.03333333333333,27.7,28.03333333333333,28.03333333333333,27.55333333333333,24.55,24.75,24.866666666666664,25.12,25.100000000000005,25.100000000000005,24.94,5.457142857142858,10.07,13.966666666666665,13.199999999999998,9.28,10.746428571428574,27.37142857142857,44.97,45.85555555555555,54.80666666666666,38.29333333333333,43.75892857142857,0.0,0.04,0.05555555555555555,0.0,0.0,0.016071428571428573,3.0,3.6,4.666666666666667,3.533333333333333,3.933333333333333,3.7678571428571432,10.0,-0.8357415725924575,-1.7451539175574418,0.8280322580645161,253.7,15.15,201.4,169.20000000000005,91.64,170.61,269.7,55.12,0.4080286922817119,0.031761006289308176,0.3858976815481892,0.31100082712985944,0.18688310628925686,0.3565517241379311,0.6129545454545454,0.2144413320883909
2011-03-19,72.0,-0.17727272727272728,4.276666119016055,0.34634497109826634,26.1,26.5,26.366666666666664,26.92,26.73333333333333,26.73333333333333,26.575,26.8,27.35,27.23333333333333,27.74,27.633333333333336,27.633333333333336,27.4,25.46666666666667,25.5,25.366666666666664,25.880000000000006,25.566666666666666,25.566666666666666,25.6,7.614285714285713,8.07,9.055555555555555,7.659999999999998,8.073333333333334,8.0625,28.97142857142857,23.99,28.1,36.05333333333333,26.42666666666667,29.157142857142862,0.0,0.0,0.0,0.0,0.0,0.0,5.0,5.0,4.888888888888889,4.4,5.0,4.821428571428571,11.0,-0.9890749059257936,-1.085153917557438,0.8379677419354838,300.9,13.75,180.11999999999995,116.1,114.84,113.26999999999998,216.34,67.86,0.4839410071248211,0.028825995807127882,0.3451235868940409,0.2133995037220844,0.23419528509666365,0.23671891327063735,0.4916818181818181,0.2640056022408963
2011-03-26,65.0,-0.19318181818181815,4.174387269895637,0.3487163005780343,27.15,27.5,27.4,27.380000000000006,27.53333333333333,27.53333333333333,27.4,28.55,29.0,28.93333333333333,28.559999999999995,28.8,28.8,28.74,25.25,25.5,25.633333333333336,25.66,25.6,25.6,25.566666666666666,6.014285714285713,7.280000000000001,4.144444444444445,4.373333333333333,5.1800000000000015,5.2767857142857135,30.2,41.36,20.844444444444445,20.433333333333334,23.32,26.230357142857127,0.0,0.0,0.0,0.0,0.0,0.0,3.8571428571428568,3.3,3.555555555555556,3.066666666666667,2.8666666666666667,3.2321428571428568,12.0,0.3509250940742064,-1.1184872508907728,0.8479032258064517,289.22,21.75,170.36,161.10000000000005,76.57000000000002,156.79999999999995,227.68,25.74,0.4651559258246618,0.045597484276729564,0.3264226863383789,0.29611248966087683,0.1561505832449629,0.3276907001044932,0.5174545454545454,0.10014005602240897
2011-04-02,72.0,-0.17727272727272728,4.276666119016055,0.35108763005780325,27.633333333333336,27.950000000000006,27.566666666666666,28.250000000000004,28.2,28.2,27.976470588235287,28.133333333333336,28.9,28.7,28.71666666666667,29.066666666666666,29.066666666666666,28.694117647058818,27.133333333333336,27.15,26.73333333333333,27.766666666666666,27.2,27.2,27.299999999999994,3.6,4.68,5.355555555555556,3.0529411764705867,1.8375,3.4152542372881363,15.428571428571427,16.839999999999996,25.3,10.882352941176471,8.3625,13.947457627118645,0.0,0.0,0.0,0.0,0.0,0.0,2.2857142857142856,2.6,2.7777777777777777,1.3529411764705883,1.8125,2.016949152542373,13.0,-0.08780650765783449,0.40764359885122303,0.8539333333333333,263.9,18.36,162.8,212.85,95.88,168.96,176.64,31.54,0.42443347218424815,0.03849056603773585,0.3119371527112473,0.3912324234904881,0.19552981482992088,0.3531034482758621,0.4014545454545454,0.12270463741051975
2011-04-09,88.0,-0.1409090909090909,4.477336814478207,0.3534589595375723,27.76666666666667,27.8,27.566666666666666,28.185714285714283,28.03333333333333,28.03333333333333,27.944444444444446,28.16666666666667,28.25,28.0,28.6,28.46666666666667,28.46666666666667,28.36666666666667,27.266666666666666,26.85,26.9,27.7,27.3,27.3,27.333333333333343,4.4,6.050000000000002,8.077777777777778,7.123529411764706,4.4750000000000005,6.045762711864407,21.585714285714282,25.890000000000004,34.166666666666664,32.064705882352946,19.5,26.688135593220334,0.0,0.0,0.0,0.0,0.0,0.0,1.4285714285714286,1.2,1.6666666666666667,2.117647058823529,1.4375,1.6271186440677967,14.0,-0.4152574880499813,0.4409769321845721,0.8502,280.72,16.68,159.6,213.75,96.9,110.44,178.56,98.8,0.4514852759058817,0.0349685534591195,0.3058057099061122,0.3928866832092639,0.19760991924300514,0.23080459770114944,0.4058181818181818,0.3843759726112667
2011-04-16,76.0,-0.16818181818181818,4.330733340286331,0.3558302890173413,26.95,27.05,27.266666666666666,26.97142857142857,27.133333333333336,27.133333333333336,27.058823529411764,27.75,27.95,28.0,27.6,27.9,27.9,27.78235294117648,26.200000000000006,26.15,26.5,26.17142857142857,26.266666666666666,26.266666666666666,26.24705882352941,16.214285714285715,17.720000000000006,14.2,21.947058823529414,13.987500000000002,17.210169491525427,52.957142857142856,58.29,48.688888888888904,49.764705882352935,36.95,47.94915254237286,0.14285714285714285,0.23,0.0,1.7117647058823529,0.7,0.7389830508474576,4.857142857142857,4.9,1.8888888888888888,6.235294117647059,5.5,4.983050847457627,15.0,-0.9995712135401752,-0.6452975776193597,0.8464666666666667,226.2,15.12,139.20000000000002,173.25,95.20000000000002,99.0,125.44,0.0,0.36380011901506987,0.03169811320754717,0.2667177620233761,0.3184449958643507,0.1941430785545314,0.20689655172413796,0.28509090909090906,0.0
2011-04-23,59.0,-0.20681818181818185,4.07753744390572,0.35820161849711024,27.75,27.95,27.8,27.957142857142852,28.16666666666667,28.16666666666667,27.941176470588232,28.75,28.9,28.4,28.75714285714286,29.133333333333336,29.133333333333336,28.776470588235302,26.25,26.35,26.46666666666667,26.97142857142857,26.7,26.7,26.676470588235297,10.157142857142855,8.66,2.733333333333334,6.782352941176471,3.8,6.07457627118644,42.371428571428574,42.49,17.37777777777778,28.423529411764704,21.9375,29.018644067796608,0.0,0.0,0.0,0.0,0.0,0.0,2.571428571428572,2.2,1.6666666666666667,2.3529411764705883,1.625,2.0508474576271185,16.0,-0.0054535664813535325,-0.21588581291347356,0.8427333333333334,270.86,17.159999999999997,164.0,129.15,58.14,127.6,225.92,99.94,0.4356273220000965,0.03597484276729559,0.3142364437631729,0.23738626964433415,0.11856595154580307,0.26666666666666666,0.5134545454545454,0.38881107998755055
2011-04-30,101.0,-0.11136363636363636,4.61512051684126,0.36057294797687817,27.9,28.15,28.16666666666667,28.08571428571429,28.366666666666664,28.366666666666664,28.135294117647057,28.5,28.75,28.66666666666667,28.6,28.83333333333333,28.83333333333333,28.65882352941177,26.95,27.4,27.4,27.57142857142857,27.73333333333333,27.73333333333333,27.476470588235298,13.057142857142857,4.83,2.0111111111111106,11.088235294117643,5.8187500000000005,7.4474576271186415,57.97142857142857,18.16,11.4,42.135294117647064,22.7875,30.015254237288126,0.0,0.0,0.0,0.0,0.0,0.0,2.0,1.8,2.0,2.5294117647058822,1.9375,2.101694915254237,17.0,-0.12310062530488608,0.5841141870865272,0.8390000000000001,228.52,14.14,187.44,187.68,74.58,135.96,110.4,72.6,0.36753140228701936,0.02964360587002096,0.3591492623107874,0.3449682933553902,0.1520923403213965,0.2841379310344828,0.2509090909090909,0.2824463118580765
2011-05-07,67.0,-0.18863636363636366,4.204692619390967,0.3629442774566472,27.85,28.03333333333333,27.6,28.2,28.133333333333336,28.133333333333336,28.02222222222222,29.9,30.0,29.0,30.142857142857146,29.96666666666667,29.96666666666667,29.872222222222227,25.8,26.1,26.03333333333333,26.285714285714285,26.26666666666667,26.26666666666667,26.155555555555555,7.414285714285714,10.74,9.055555555555557,2.7500000000000004,6.018749999999998,6.5706896551724165,38.82857142857143,64.03,42.55555555555557,16.49375,36.8375,37.04137931034482,0.0,0.0,0.0,0.0,0.0,0.0,4.0,3.9,4.0,2.9375,4.0625,3.7068965517241383,18.0,0.5105822940419102,-1.1898825127954071,0.8421612903225807,269.12,14.3,158.76,165.47999999999996,98.67,127.6,118.2,49.17,0.4328288595461344,0.029979035639413,0.3041962061697642,0.3041632202922525,0.20121951219512196,0.26666666666666666,0.2686363636363636,0.19129318394024275
2011-05-14,109.0,-0.0931818181818182,4.691347882229144,0.3653156069364162,28.766666666666666,29.16666666666667,28.66666666666667,28.828571428571426,29.03333333333333,29.03333333333333,28.878947368421056,29.83333333333333,30.766666666666666,30.066666666666666,29.885714285714286,30.23333333333333,30.23333333333333,30.099999999999994,27.83333333333333,27.633333333333336,27.3,27.771428571428572,27.66666666666667,27.66666666666667,27.668421052631572,2.9857142857142853,6.76,8.577777777777778,4.26875,5.4875,5.548275862068966,11.72857142857143,26.88000000000001,32.011111111111106,16.39375,21.3625,21.432758620689658,0.0,0.0,0.0,0.0,0.0,0.0,3.4285714285714284,3.8,4.5555555555555545,2.375,3.25,3.327586206896552,19.0,0.7383600718196809,0.322982984280614,0.8453225806451613,274.34,13.0,167.76,136.07999999999998,62.37000000000001,154.88,192.0,37.95,0.4412242469080207,0.027253668763102725,0.32144088905920665,0.2501240694789082,0.12719226690594665,0.3236781609195402,0.4363636363636363,0.14764239028944912
2011-05-21,121.0,-0.0659090909090909,4.795790545596741,0.3676869364161852,27.133333333333336,28.33333333333333,28.266666666666666,27.957142857142852,28.7,28.7,28.052631578947373,27.966666666666665,28.96666666666667,28.633333333333336,28.642857142857146,29.03333333333333,29.03333333333333,28.647368421052626,26.7,27.7,27.96666666666667,27.04285714285714,28.0,28.0,27.389473684210525,10.671428571428573,2.24,0.2222222222222222,8.3125,1.9875,4.550000000000002,34.114285714285714,12.38,1.1333333333333333,38.775,13.7625,20.920689655172414,0.14285714285714285,0.0,0.0,0.0,0.0,0.017241379310344827,4.142857142857143,1.3,1.4444444444444444,2.375,1.0625,1.8965517241379308,20.0,-0.7142715071276841,0.044035615859563386,0.8484838709677419,285.36,13.95,182.16,132.3,71.61000000000001,121.0,109.2,21.45,0.4589478424497805,0.029245283018867918,0.3490323816823145,0.2431761786600497,0.14603556570682766,0.25287356321839083,0.2481818181818181,0.0834500466853408
2011-05-28,129.0,-0.04772727272727273,4.859812404361672,0.37005838150289017,28.0,28.9,28.566666666666666,28.442857142857147,28.9,28.9,28.536842105263162,28.53333333333333,29.66666666666667,29.23333333333333,29.314285714285717,29.766666666666666,29.766666666666666,29.30526315789474,27.6,28.133333333333336,27.8,27.75714285714286,28.066666666666666,28.066666666666666,27.84736842105263,2.485714285714286,2.89,2.1222222222222222,8.931249999999997,2.5250000000000004,4.287931034482758,10.685714285714283,19.45,10.822222222222226,38.37499999999999,13.4375,20.615517241379308,0.0,0.0,0.0,0.0,0.0,0.0,1.7142857142857142,1.8,1.5555555555555556,2.75,1.3125,1.8793103448275863,21.0,-0.0563767702855742,0.5019303527016703,0.8516451612903225,278.17,20.5,132.66,128.96,29.15,136.77999999999997,200.43,53.790000000000006,0.4473840809302476,0.0429769392033543,0.2541866257903813,0.2370370370370371,0.05944612121706501,0.28585161964472305,0.4555227272727273,0.2092670401493931
2011-06-04,105.0,-0.10227272727272728,4.653960350157523,0.3724297109826592,27.7,28.366666666666664,28.4,28.314285714285713,28.7,28.7,28.333333333333336,28.5,29.23333333333333,29.1,28.885714285714283,29.46666666666667,29.46666666666667,29.03333333333333,26.65,27.133333333333336,27.366666666666664,27.571428571428577,27.766666666666666,27.766666666666666,27.394444444444453,5.514285714285713,16.68,11.6,4.523529411764706,9.29375,9.074576271186444,21.37142857142857,65.05999999999999,65.22222222222223,16.94117647058824,41.3875,39.61694915254237,0.1142857142857143,0.0,0.0,0.0,0.0,0.013559322033898306,4.428571428571429,1.8,2.0,3.4117647058823533,2.3125,2.7457627118644066,22.0,-0.1681963169417955,0.34009093615264163,0.8508666666666665,220.59,19.89,77.51999999999998,198.36,122.32,155.32999999999996,161.65,16.2,0.3547774900686749,0.04169811320754717,0.14853420195439734,0.3645988420181969,0.2494493841259483,0.32461859979101354,0.3673863636363636,0.06302521008403361
2011-06-11,146.0,-0.00909090909090909,4.9836066217083355,0.3748010404624282,27.33333333333333,27.83333333333333,27.66666666666667,27.75714285714286,27.93333333333333,27.93333333333333,27.71578947368421,28.866666666666664,29.633333333333336,29.3,29.014285714285712,29.700000000000006,29.700000000000006,29.242105263157907,25.9,26.2,26.16666666666667,26.457142857142852,26.33333333333333,26.33333333333333,26.263157894736853,9.042857142857141,13.99,12.58888888888889,18.358823529411765,17.89375,15.506779661016953,38.75714285714286,67.42999999999999,54.755555555555546,82.5176470588235,94.2125,73.7050847457627,0.0,0.0,0.0,0.0,0.0,0.0,1.8571428571428568,2.0,2.6666666666666665,2.411764705882353,2.0,2.2033898305084745,23.0,0.04057561288277256,-0.7911956135549579,0.8471333333333334,210.9,25.56,78.66,133.39999999999998,151.36,134.75,187.62,32.7,0.3391929491612654,0.05358490566037736,0.15071852845372674,0.2451980516496645,0.3086711803572885,0.28160919540229884,0.4264090909090909,0.12721755368814192
2011-06-18,123.0,-0.06136363636363636,4.812184355372417,0.3771723699421961,27.83333333333333,28.5,28.366666666666664,28.3,28.566666666666666,28.566666666666666,28.31111111111111,28.66666666666667,29.566666666666666,29.5,29.133333333333336,29.566666666666666,29.566666666666666,29.26111111111112,27.16666666666667,27.5,27.23333333333333,27.4,27.46666666666667,27.46666666666667,27.36111111111111,4.714285714285714,2.89,3.4111111111111114,6.0294117647058805,3.4125,4.2322033898305085,19.37142857142857,13.25,17.22222222222222,23.217647058823534,17.0375,18.48135593220339,0.0,0.0,0.0,0.0,0.0,0.0,1.7142857142857142,2.0,1.0,1.7058823529411764,1.5,1.5932203389830508,24.0,0.059581460835989475,0.3067576028193031,0.8434,243.96,22.5,189.81,106.14,88.0,143.07999999999996,193.45,19.8,0.3923637357865448,0.04716981132075472,0.36369036213834055,0.19509236283429832,0.1794599885798189,0.29901776384534995,0.4396590909090909,0.07703081232492996
2011-06-25,141.0,-0.020454545454545454,4.948759890378168,0.3795436994219651,28.33333333333333,29.0,28.633333333333336,28.633333333333336,28.866666666666664,28.866666666666664,28.683333333333334,29.16666666666667,29.66666666666667,29.43333333333333,29.250000000000004,29.766666666666666,29.766666666666666,29.422222222222228,26.9,27.633333333333336,27.23333333333333,27.516666666666666,27.33333333333333,27.33333333333333,27.355555555555554,3.8571428571428568,4.61,3.888888888888889,4.811764705882354,5.387500000000001,4.6796610169491535,25.714285714285715,27.2,24.777777777777768,33.382352941176464,33.3375,30.1,0.0,0.0,0.0,0.0,0.0,0.0,1.5714285714285714,1.4,1.7777777777777777,1.8235294117647056,1.875,1.7288135593220342,25.0,0.2206925719470938,0.3012020472637502,0.8396666666666667,251.73,37.7,136.0,164.86,181.23,105.12,239.45,80.1,0.4048603181240651,0.07903563941299789,0.260586319218241,0.3030236191526514,0.3695856105718248,0.2196865203761756,0.5442045454545454,0.3116246498599439
2011-07-02,185.0,0.07954545454545454,5.220355825078324,0.3819150289017341,27.8,28.266666666666666,28.23333333333333,28.15,28.366666666666664,28.366666666666664,28.16111111111111,28.399999999999995,29.133333333333336,28.96666666666667,29.03333333333333,29.133333333333336,29.133333333333336,28.950000000000006,26.03333333333333,25.7,25.7,26.216666666666665,25.933333333333334,25.933333333333334,25.966666666666665,3.814285714285714,8.45,6.733333333333333,7.1117647058823525,7.6875,7.045762711864407,17.485714285714288,27.6,30.488888888888887,33.41764705882353,36.7375,30.994915254237288,0.0,0.0,0.0,0.0,0.0,0.0,3.7142857142857135,3.8,2.2222222222222223,3.2352941176470584,2.3125,2.983050847457627,26.0,0.08307644985518793,-0.881543786128745,0.8354516129032258,263.14,32.34,198.12000000000003,184.0,101.04999999999998,161.65,213.73,23.78,0.4232111552503337,0.06779874213836479,0.3796129526729258,0.33820420917195115,0.2060730891589852,0.33782654127481715,0.48575,0.09251478369125428
2011-07-09,211.0,0.13863636363636364,5.351858133476067,0.3842863583815031,28.633333333333336,29.23333333333333,28.766666666666666,28.985714285714288,29.1,29.1,28.952631578947372,29.3,29.63333333333333,29.16666666666667,29.21428571428571,29.4,29.4,29.315789473684212,27.366666666666664,28.36666666666667,27.96666666666667,28.457142857142852,28.63333333333333,28.63333333333333,28.22105263157895,0.6142857142857142,0.12,0.5,0.30588235294117644,0.0,0.2576271186440678,4.071428571428571,0.7,3.066666666666667,1.5764705882352938,0.0,1.5237288135593217,0.0,0.0,0.0,0.0,0.0,0.0,1.1428571428571428,0.3,0.4444444444444444,0.8235294117647058,0.0,0.4915254237288136,27.0,0.4488659235393939,1.3728421787835394,0.8300322580645161,259.6,34.02000000000001,184.08,166.0,46.44,78.97000000000001,218.42,52.49,0.4175177316371005,0.07132075471698117,0.3527112473653956,0.30511901479643416,0.09470593033689534,0.16503657262277954,0.496409090909091,0.20420946156240272
2011-07-16,215.0,0.14772727272727273,5.3706380281276624,0.3866576878612721,27.5,28.46666666666667,28.133333333333336,28.128571428571423,28.066666666666666,28.066666666666666,28.07368421052632,28.600000000000005,29.66666666666667,29.133333333333336,29.114285714285717,29.23333333333333,29.23333333333333,29.14210526315789,26.46666666666667,26.866666666666664,26.633333333333336,26.885714285714283,26.5,26.5,26.71578947368421,5.442857142857141,4.5600000000000005,3.3444444444444437,5.4647058823529395,4.06875,4.606779661016949,23.728571428571428,19.04,16.088888888888892,25.205882352941174,19.525,21.054237288135603,0.0,0.0,0.0,0.0,0.0,0.0,1.8571428571428568,2.0,1.5555555555555556,2.0,1.625,1.8135593220338984,28.0,0.27518171301307603,-0.13242097911120254,0.8246129032258065,273.17,43.40000000000001,183.04,151.5,101.48,89.04,286.0900000000001,46.4,0.4393425221544945,0.09098532494758912,0.35071852845372675,0.2784670526606011,0.20694999592136387,0.1860815047021944,0.6502045454545455,0.1805166511048864
2011-07-23,227.0,0.175,5.424950017481403,0.38902901734104,28.2,28.766666666666666,28.366666666666664,28.45714285714286,28.600000000000005,28.600000000000005,28.473684210526308,28.866666666666664,29.5,29.0,29.1,29.23333333333333,29.23333333333333,29.13157894736842,26.7,27.366666666666664,27.13333333333333,27.157142857142855,27.366666666666664,27.366666666666664,27.147368421052626,0.9,4.1,3.744444444444445,1.564705882352941,2.79375,2.581355932203389,6.371428571428572,26.65,17.411111111111108,10.776470588235293,18.65,16.091525423728818,0.0,0.0,0.0,0.0,0.0,0.0,1.0,1.3,1.5555555555555556,1.0,1.0625,1.152542372881356,29.0,0.2646553972236063,0.2991579682572194,0.8191935483870968,235.41,45.92000000000001,248.04,98.5,115.24,188.15000000000003,257.28000000000003,27.84,0.3786126702800071,0.09626834381551364,0.4752634604330331,0.1810495358882456,0.23501101231748106,0.3932079414838036,0.5847272727272728,0.10830999066293183
2011-07-30,263.0,0.25681818181818183,5.572154032177764,0.3914004624277461,28.366666666666664,28.766666666666666,28.433333333333334,28.385714285714286,28.53333333333333,28.53333333333333,28.473684210526308,29.066666666666666,29.266666666666666,28.93333333333333,28.842857142857145,28.96666666666667,28.96666666666667,28.97894736842105,27.46666666666667,27.83333333333333,27.566666666666666,27.47142857142857,27.83333333333333,27.83333333333333,27.6,3.5142857142857147,4.17,2.4777777777777783,3.1647058823529415,3.3937500000000003,3.333898305084745,13.857142857142858,17.39,12.555555555555555,17.482352941176472,17.212500000000002,16.21186440677966,0.0,0.0,0.0,0.0,0.0,0.0,1.8571428571428568,2.0,2.2222222222222223,2.294117647058824,1.9375,2.0847457627118646,30.0,0.11202381827622787,0.7517895472045879,0.8137741935483871,244.85,54.86,210.16,119.69,64.30999999999999,123.46,197.01,31.35,0.39379513324862897,0.1150104821802935,0.4026825062272465,0.21999816193364585,0.1311485439269108,0.2580146290491118,0.44775,0.1219654528478058
2011-08-06,218.0,0.15454545454545454,5.384495062789089,0.3937717919075141,27.866666666666664,28.46666666666667,28.03333333333333,28.32857142857143,28.133333333333336,28.133333333333336,28.200000000000006,29.133333333333336,29.3,28.76666666666667,29.1,29.03333333333333,29.03333333333333,29.07368421052632,25.43333333333333,26.16666666666667,26.066666666666666,26.37142857142857,26.066666666666666,26.066666666666666,26.09473684210526,6.142857142857142,3.89,2.5111111111111106,5.652941176470589,5.34375,4.849152542372881,26.17142857142857,16.940000000000005,14.81111111111111,33.964705882352945,33.525,27.11355932203391,0.0,0.0,0.0,0.0,0.0,0.0,2.0,2.1,2.1111111111111107,1.6470588235294117,2.0625,1.9491525423728813,31.0,0.32302585298473474,-0.7209216697045697,0.8155161290322579,247.8,59.88,187.78,196.63,32.04,85.5,114.68,31.020000000000003,0.3985396529263232,0.12553459119496854,0.3598007281088331,0.3614189872254389,0.06533975038747042,0.1786833855799373,0.2606363636363636,0.12068160597572362
2011-08-13,154.0,0.00909090909090909,5.0369526024136295,0.39614312138728297,28.066666666666666,28.66666666666667,28.1,28.2875,28.33333333333333,28.33333333333333,28.29,28.83333333333333,29.3,28.7,28.975,28.866666666666664,28.866666666666664,28.945,26.03333333333333,26.83333333333333,26.8,26.6375,26.73333333333333,26.73333333333333,26.615,3.2285714285714286,2.35,1.4333333333333331,8.294444444444443,2.4437500000000005,4.123333333333332,22.328571428571426,12.75,9.366666666666667,42.57777777777778,13.262499999999998,22.445,0.0,0.0,0.0,0.0,0.0,0.0,1.0,1.0,1.0,1.0,1.0,1.0,32.0,0.1943416424584221,-0.20065851180983074,0.8184516129032258,251.93,52.92,198.03,126.14,74.88,74.48,180.56,121.77,0.4051819804750953,0.11094339622641508,0.3794405058440313,0.2318536899182061,0.15270413573700953,0.15565308254963428,0.4103636363636363,0.4737394957983193
2011-08-20,131.0,-0.04318181818181818,4.875197323201151,0.398514450867052,27.33333333333333,28.16666666666667,27.633333333333336,27.9125,28.0,28.0,27.835,28.600000000000005,29.26666666666667,28.7,28.8625,28.766666666666666,28.766666666666666,28.845,25.03333333333333,25.73333333333333,25.6,26.062500000000004,25.866666666666664,25.866666666666664,25.76,8.742857142857144,6.2700000000000005,2.4777777777777783,5.572222222222222,4.78125,5.383333333333334,41.87142857142858,41.09,16.933333333333334,28.08888888888889,27.8125,30.116666666666674,0.0,0.0,0.0,0.0,0.0,0.0,1.8571428571428568,1.3,1.3333333333333333,1.5,1.5,1.4833333333333334,33.0,0.0943416424584207,-1.0556585118098312,0.8213870967741935,320.37,47.4,141.04,144.69,57.6,104.5,157.98999999999995,33.0,0.5152548369976037,0.09937106918238993,0.27024334163632874,0.2659498207885305,0.11746471979769965,0.2183908045977012,0.3590681818181818,0.1283846872082166
2011-08-27,130.0,-0.045454545454545456,4.867534450455582,0.40088578034682093,27.33333333333333,28.066666666666666,27.766666666666666,27.7,27.866666666666664,27.866666666666664,27.735,28.5,29.266666666666666,28.73333333333333,28.9625,29.03333333333333,29.03333333333333,28.915,25.3,25.866666666666664,26.0,25.7,25.96666666666667,25.96666666666667,25.75000000000001,5.614285714285713,6.049999999999999,6.955555555555555,7.405555555555555,5.325,6.348333333333334,29.97142857142857,33.96,29.966666666666665,39.06666666666667,24.950000000000006,32.025,0.0,0.0,0.0,0.0,0.0,0.0,3.0,3.0,3.0,3.0,3.0,3.0,34.0,0.16434164245842098,-1.065658511809822,0.8243225806451612,258.02,32.15,173.45999999999995,184.87,76.98,94.73,177.57999999999996,9.18,0.41497659906396256,0.06740041928721174,0.3323625215558535,0.3398033269001011,0.15698670364630068,0.1979728317659352,0.40359090909090906,0.03571428571428571
2011-09-03,134.0,-0.03636363636363636,4.897839799950911,0.40325710982659,27.66666666666667,28.23333333333333,27.76666666666667,28.02500000000001,28.1,28.1,27.975,28.766666666666666,29.366666666666664,28.766666666666666,28.9375,29.066666666666666,29.066666666666666,28.97000000000001,26.1,27.0,26.600000000000005,26.5625,26.7,26.7,26.585,1.957142857142857,1.35,1.0777777777777775,3.7500000000000013,1.55625,2.155,11.028571428571427,7.840000000000002,5.466666666666668,23.25555555555555,9.687499999999998,12.973333333333334,0.0,0.0,0.0,0.0,0.0,0.0,2.142857142857143,2.0,2.1111111111111107,2.555555555555556,2.0,2.2,35.0,0.2001195630500732,0.09221449781769664,0.8261,362.05,21.980000000000004,208.32,208.52,134.55,124.44,254.24000000000004,30.24,0.5822892709522814,0.04607966457023062,0.3991569266142939,0.3832735961768221,0.27439024390243905,0.2600626959247649,0.5778181818181819,0.1176470588235294
2011-09-10,119.0,-0.07045454545454545,4.7791234931115305,0.405628439306358,28.03333333333333,28.7,28.16666666666667,28.375,28.4,28.4,28.345,28.633333333333336,29.13333333333333,28.7,28.925,28.866666666666664,28.866666666666664,28.87,26.633333333333336,27.33333333333333,27.0,26.787499999999994,27.2,27.2,26.940000000000005,2.185714285714285,1.31,2.333333333333333,5.9222222222222225,0.375,2.7,14.1,8.03,13.033333333333333,38.59444444444445,2.4375,17.166666666666668,0.0,0.0,0.0,0.0,0.0,0.0,1.1428571428571428,1.3,2.2222222222222223,1.0555555555555556,0.9375,1.25,36.0,0.10011956305006464,0.4472144978177006,0.8263333333333333,352.3,22.12,191.94,127.92000000000004,127.92000000000002,129.32,160.72000000000003,21.6,0.566608231339563,0.04637316561844864,0.3677716037555087,0.2351254480286739,0.2608695652173913,0.2702612330198537,0.36527272727272736,0.08403361344537814
2011-09-17,105.0,-0.10227272727272728,4.653960350157523,0.4079997687861269,27.366666666666664,28.03333333333333,27.73333333333333,27.7375,28.0,28.0,27.765000000000004,28.633333333333336,29.0,28.66666666666667,28.525,28.43333333333333,28.43333333333333,28.62,26.633333333333336,27.266666666666666,26.93333333333333,27.0875,27.23333333333333,27.23333333333333,27.045,10.314285714285717,7.229999999999999,4.7,6.8277777777777775,4.2250000000000005,6.288333333333335,48.18571428571428,28.47,21.100000000000005,37.55555555555557,19.5,29.998333333333346,0.0,0.0,0.0,0.0,0.0,0.0,2.142857142857143,2.5,2.7777777777777777,2.833333333333333,2.3125,2.55,37.0,-0.14988043694993536,0.5522144978176939,0.8265666666666667,397.15,21.98,177.24,157.56,104.52000000000002,192.15,179.76000000000005,17.82,0.6387410135580681,0.04607966457023061,0.3396052883694194,0.2896057347670251,0.21314952279957586,0.40156739811912223,0.4085454545454546,0.06932773109243696
2011-09-24,115.0,-0.07954545454545454,4.74493212836325,0.410371098265896,26.7,27.366666666666664,27.066666666666666,27.375,27.43333333333333,27.43333333333333,27.235000000000007,28.4,29.133333333333336,28.5,28.9375,29.066666666666666,29.066666666666666,28.840000000000003,25.266666666666666,25.66666666666667,25.5,25.8,25.8,25.8,25.654999999999994,13.771428571428574,8.309999999999999,6.377777777777778,8.583333333333334,10.906249999999998,9.431666666666667,42.785714285714285,26.26,25.511111111111113,30.577777777777772,35.55000000000001,31.84833333333334,0.0,0.0,0.0,0.0,0.0,0.0,5.0,4.6,4.333333333333333,4.388888888888889,4.4375,4.5,38.0,0.07011956305007061,-0.8377855021823102,0.8268000000000001,364.65,18.83,215.88,169.52,95.16,196.42,219.52,44.55,0.586470881515673,0.03947589098532495,0.4136424602414255,0.311589008363202,0.19406150583244966,0.410491118077325,0.4989090909090909,0.1733193277310924
2011-10-01,79.0,-0.16136363636363638,4.3694478524670215,0.41274254335260097,27.63333333333333,28.26666666666667,27.83333333333333,27.9,28.0,28.0,27.92,28.63333333333333,29.366666666666664,28.73333333333333,28.85,29.03333333333333,29.03333333333333,28.90499999999999,26.6,27.03333333333333,26.66666666666667,26.95,26.766666666666666,26.766666666666666,26.84,10.757142857142856,12.65,11.177777777777779,18.094444444444445,14.258823529411767,14.270491803278684,34.214285714285715,43.42,35.14444444444445,54.29444444444446,43.17647058823529,44.28360655737706,0.0,0.0,0.0,0.03333333333333334,0.9058823529411764,0.2622950819672131,4.714285714285714,3.8,3.0,4.833333333333333,3.294117647058824,3.950819672131148,39.0,0.1223107217276791,0.06561024208031441,0.8285161290322581,353.2800000000001,33.04,184.47,169.58,100.11,141.12,173.85,0.0,0.5681843768596105,0.06926624737945493,0.35345851695727143,0.3116992923444537,0.2041561301900644,0.2949216300940439,0.3951136363636363,0.0
2011-10-08,60.0,-0.20454545454545456,4.0943445622220995,0.41511387283237,26.866666666666664,27.43333333333333,27.066666666666666,27.450000000000006,27.4,27.4,27.295,28.700000000000006,29.33333333333333,28.66666666666667,28.9875,29.03333333333333,29.03333333333333,28.954999999999995,24.96666666666667,25.566666666666666,25.4,25.5375,25.46666666666667,25.46666666666667,25.425000000000004,21.742857142857147,16.729999999999997,11.677777777777774,15.505555555555556,15.53529411764706,15.865573770491805,71.7,45.39,32.611111111111114,61.95,44.576470588235296,51.18360655737706,0.028571428571428574,0.02,0.0,0.0,0.023529411764705882,0.013114754098360656,3.571428571428572,4.0,3.0,3.1666666666666665,4.294117647058823,3.639344262295082,40.0,0.17231072172768336,-1.3493897579196776,0.8391290322580646,357.7600000000001,31.92,200.81,273.89,127.84,176.4,140.22,31.62,0.5753896135226854,0.0669182389937107,0.3847671967809925,0.5034279937505745,0.2607064197732278,0.3686520376175549,0.3186818181818182,0.123015873015873
2011-10-15,87.0,-0.1431818181818182,4.465908118654584,0.4174852023121389,27.23333333333333,27.76666666666667,27.3,27.7,27.43333333333333,27.43333333333333,27.540000000000006,29.03333333333333,29.366666666666664,28.83333333333333,29.1625,28.96666666666667,28.96666666666667,29.09499999999999,25.5,26.23333333333333,26.03333333333333,26.0875,25.83333333333333,25.83333333333333,25.975000000000005,1.9714285714285715,4.409999999999998,5.177777777777777,3.527777777777777,7.723529411764705,4.9065573770491815,11.185714285714283,16.779999999999994,17.055555555555557,17.544444444444444,23.0,18.137704918032785,0.0,0.0,0.0,0.0,0.0,0.0,2.8571428571428568,3.6,3.111111111111111,2.7222222222222223,3.882352941176471,3.262295081967213,41.0,0.3123107217276804,-0.7993897579196769,0.8497419354838711,332.80000000000007,33.760000000000005,178.45,188.49,114.21,114.24000000000002,260.48999999999995,28.9,0.535246152114126,0.07077568134171909,0.3419237401801111,0.3464571271022884,0.2329105147238763,0.23874608150470225,0.5920227272727272,0.11243386243386244
2011-10-22,74.0,-0.17272727272727273,4.30406509320417,0.419856531791908,26.8,27.3,27.066666666666666,27.4375,27.3,27.3,27.245000000000005,28.73333333333333,29.1,28.366666666666664,28.925,28.8,28.8,28.820000000000004,25.73333333333333,26.133333333333336,26.16666666666667,26.4875,26.03333333333333,26.03333333333333,26.205,11.814285714285715,10.8,6.388888888888888,9.85,12.3,10.403278688524592,39.18571428571429,32.18,21.62222222222222,30.26666666666667,43.32941176470589,33.9688524590164,0.0,0.0,0.0,0.0,0.0,0.0,5.142857142857143,4.9,4.4444444444444455,4.222222222222221,4.764705882352942,4.6229508196721305,42.0,0.03731072172769245,-0.56938975791968,0.8603548387096775,358.4,37.52,171.14,218.38,143.82,222.32,231.99,30.090000000000003,0.5764189330459816,0.07865828092243188,0.3279172255221306,0.4013969304291885,0.2932947222448813,0.4646185997910136,0.52725,0.11706349206349205
2011-10-29,63.0,-0.19772727272727272,4.143134726391533,0.4222278612716759,26.9,27.46666666666667,27.266666666666666,27.149999999999995,27.366666666666664,27.366666666666664,27.21,27.933333333333334,28.63333333333333,28.133333333333336,28.325000000000006,28.266666666666666,28.266666666666666,28.275,25.566666666666666,25.866666666666664,25.700000000000006,25.95,25.66666666666667,25.66666666666667,25.8,13.828571428571427,12.64,10.711111111111109,14.755555555555556,12.247058823529413,13.006557377049177,47.92857142857142,46.3,45.63333333333333,38.833333333333336,41.270588235294134,42.78360655737704,0.2571428571428572,0.0,0.0,0.0,0.0,0.02950819672131148,6.2857142857142865,4.6,4.888888888888889,5.4444444444444455,4.529411764705882,5.0655737704918025,43.0,-0.5076892782723128,-0.9743897579196812,0.870967741935484,335.88,30.96,231.52,208.18,121.59,209.54,154.29,48.64999999999999,0.5401997523199897,0.0649056603773585,0.4436098869515232,0.3826486536163956,0.2479606819479566,0.4379101358411704,0.3506590909090909,0.18927015250544654
2011-11-05,66.0,-0.19090909090909086,4.189654742026425,0.4245991907514449,26.8,27.2,27.0,27.0375,27.2,27.2,27.045,28.43333333333333,28.9,28.366666666666664,28.3125,28.73333333333333,28.73333333333333,28.49,25.8,26.2,26.1,26.4,26.366666666666664,26.366666666666664,26.23,13.714285714285715,11.64,9.444444444444443,14.672222222222226,14.505882352941176,13.247540983606555,67.24285714285715,40.22,35.74444444444444,54.611111111111114,47.67058823529411,48.983606557377044,0.0,0.0,0.0,0.2111111111111111,0.10588235294117647,0.0918032786885246,5.428571428571429,5.8,4.111111111111111,6.0555555555555545,5.705882352941178,5.557377049180328,44.0,0.2781496944495139,-0.01637442076934903,0.8746666666666667,332.94,24.16,258.03,258.66,160.92000000000004,210.12000000000003,133.84000000000003,79.44999999999997,0.5354713157598469,0.05064989517819707,0.4944050584403141,0.4754342431761786,0.3281670609348234,0.4391222570532916,0.3041818181818183,0.3090958605664487
2011-11-12,69.0,-0.18409090909090908,4.23410650459726,0.42697052023121385,27.066666666666666,27.566666666666666,27.33333333333333,27.725,27.7,27.7,27.54000000000001,27.866666666666664,28.5,28.23333333333333,28.525,28.6,28.6,28.39,25.46666666666667,25.83333333333333,25.96666666666667,26.275,25.899999999999995,25.899999999999995,25.985000000000007,5.628571428571428,6.8599999999999985,8.455555555555557,7.949999999999998,9.329411764705881,7.963934426229508,29.414285714285718,29.660000000000004,28.344444444444452,43.13888888888889,39.729411764705894,36.22131147540984,0.0,0.0,0.0,0.0,0.0,0.0,2.8571428571428568,2.7,3.333333333333333,2.2222222222222223,2.4705882352941178,2.6065573770491803,45.0,0.1781496944495089,-0.2613744207693465,0.8756,306.9,28.960000000000004,200.22,187.38,156.06,156.06,117.04000000000002,80.15,0.4935908776557248,0.06071278825995807,0.3836367120137956,0.3444168734491315,0.3182559752018925,0.3261442006269593,0.2660000000000001,0.3118191721132897
2011-11-19,59.0,-0.20681818181818185,4.07753744390572,0.4293418497109829,26.63333333333333,26.96666666666667,26.66666666666667,26.9625,27.066666666666666,27.066666666666666,26.885,27.2,27.53333333333333,27.3,27.7375,27.9,27.9,27.585,26.03333333333333,26.366666666666664,26.1,26.275,26.16666666666667,26.16666666666667,26.21,18.542857142857144,13.88,16.51111111111111,8.511111111111113,7.8235294117647065,11.531147540983607,56.51428571428572,50.85999999999999,49.27777777777778,39.07777777777777,37.635294117647064,44.11311475409837,0.42857142857142855,0.5399999999999999,0.5444444444444445,0.0,0.09411764705882353,0.2442622950819672,5.857142857142858,6.2,5.333333333333333,2.9444444444444446,3.7058823529411766,4.377049180327869,46.0,-0.6268503055504908,-0.0363744207693486,0.8765333333333334,335.42,19.360000000000007,235.94,237.06,180.36,200.43,126.0,100.1,0.5394599289126205,0.040587002096436064,0.45207894232611606,0.4357320099255583,0.36781140386654704,0.418871473354232,0.2863636363636364,0.389433551198257
2011-11-26,82.0,-0.15454545454545454,4.4067192472642525,0.4317131791907519,26.76666666666667,27.16666666666667,27.26666666666667,27.05,27.23333333333333,27.23333333333333,27.085,27.633333333333336,27.8,28.1,27.875,27.766666666666666,27.766666666666666,27.84500000000001,25.8,26.4,26.4,26.3125,26.46666666666667,26.46666666666667,26.285000000000004,16.571428571428573,17.62,12.933333333333332,16.099999999999998,15.06470588235294,15.64754098360656,69.21428571428572,51.04,40.96666666666667,45.511111111111106,37.23529411764706,46.16065573770493,0.0,0.08,0.18888888888888888,0.30000000000000004,0.6588235294117646,0.3131147540983605,2.2857142857142856,4.1,5.777777777777778,4.4444444444444455,5.588235294117646,4.6557377049180335,47.0,-0.36685030555048215,0.03862557923065424,0.8774666666666667,341.19,26.66,175.79,185.46,161.97000000000003,246.36,164.36,35.0,0.5487398877398395,0.05589098532494759,0.3368269783483425,0.3408877860490764,0.33030834488946903,0.514858934169279,0.37354545454545457,0.13616557734204793
2011-12-03,82.0,-0.15454545454545454,4.4067192472642525,0.4340846242774569,26.33333333333333,26.73333333333333,26.766666666666666,26.7,26.66666666666667,26.66666666666667,26.655,27.2,27.73333333333333,27.8,27.225000000000005,27.46666666666667,27.46666666666667,27.419999999999995,25.366666666666664,25.6,25.4,25.8375,25.66666666666667,25.66666666666667,25.640000000000004,16.557142857142857,20.140000000000004,15.0,13.927777777777779,17.49411764705882,16.4,40.92857142857143,47.12,47.56666666666667,39.87222222222223,39.16470588235294,42.11967213114754,4.3,2.34,0.6000000000000001,1.4611111111111112,3.294117647058824,2.314754098360656,7.0,6.8,5.111111111111111,6.666666666666668,6.8235294117647065,6.540983606557377,48.0,-0.3956160231886941,-0.15713440467800766,0.8785806451612903,320.67,14.7,150.1,184.08,93.33,237.18,181.44000000000003,53.13,0.5157373305241488,0.030817610062893082,0.28760298907836745,0.3383512544802868,0.1903295537972102,0.4956739811912225,0.4123636363636364,0.20669934640522872
2011-12-10,68.0,-0.1863636363636364,4.219507705176107,0.43645595375722585,26.83333333333333,27.16666666666667,27.0,27.375,27.5,27.5,27.225,27.7,27.96666666666667,27.53333333333333,28.125,28.066666666666666,28.066666666666666,27.94,26.03333333333333,26.43333333333333,26.066666666666666,26.63750000000001,26.83333333333333,26.83333333333333,26.46,8.3,9.88,9.844444444444443,5.372222222222222,4.25,6.836666666666668,25.214285714285715,39.61,38.45555555555556,21.7,15.175,25.868333333333336,0.0,0.0,0.0,0.0,0.0,0.0,2.8571428571428568,2.8,2.4444444444444446,2.333333333333333,2.625,2.566666666666667,49.0,0.12438397681130907,0.6628655953219891,0.8799354838709678,301.14,19.2,145.54,115.64,104.04,139.82999999999998,260.19,15.12,0.4843270019460572,0.040251572327044016,0.2788656830810499,0.2125539931991545,0.212170650134595,0.2922257053291536,0.5913409090909091,0.0588235294117647
2011-12-17,66.0,-0.19090909090909086,4.189654742026425,0.43882728323699377,26.36666666666667,26.8,26.766666666666666,26.725,26.9,26.9,26.715000000000003,27.2,27.66666666666667,27.53333333333333,27.3875,27.5,27.5,27.44,25.16666666666667,25.366666666666664,25.23333333333333,25.7,25.766666666666666,25.766666666666666,25.510000000000005,9.05714285714286,5.74,4.922222222222223,9.394444444444442,8.581249999999999,7.8583333333333325,29.785714285714285,17.339999999999996,19.077777777777765,35.072222222222216,27.625000000000004,27.11500000000001,0.028571428571428574,0.1,0.0,0.011111111111111113,0.0,0.02333333333333333,3.2857142857142856,3.4,2.6666666666666665,3.7222222222222223,2.875,3.2333333333333334,50.0,-0.3756160231886909,-0.28713440467800666,0.8812903225806451,287.91,18.35,153.14,138.64999999999998,68.34,204.14,269.64000000000004,34.86,0.4630490374254146,0.038469601677148836,0.29342785974324576,0.25484790000919033,0.13936699567664573,0.4266248693834901,0.6128181818181819,0.13562091503267973
2011-12-24,65.0,-0.19318181818181815,4.174387269895637,0.4411986127167628,25.66666666666667,26.100000000000005,26.266666666666666,25.7875,25.96666666666667,25.96666666666667,25.915000000000006,26.73333333333333,27.133333333333336,27.100000000000005,27.062500000000004,27.2,27.2,27.05,24.66666666666667,25.0,25.2,24.725,24.866666666666664,24.866666666666664,24.85,27.614285714285714,30.410000000000004,19.34444444444445,25.28333333333333,31.9875,27.30666666666667,64.84285714285714,88.72999999999998,68.02222222222223,60.98333333333333,104.4625,78.70833333333333,0.05714285714285715,0.06999999999999999,0.08888888888888889,0.022222222222222227,0.025,0.04500000000000001,4.142857142857143,4.6,4.777777777777779,3.4444444444444446,3.5,3.933333333333333,51.0,-0.7656160231886879,-0.9471344046780104,0.8826451612903226,350.2800000000001,18.85,172.89999999999995,116.23,140.25000000000003,214.76,274.68,21.0,0.5633594415941586,0.03951781970649895,0.33128951906495485,0.21363845234812973,0.28601435679908643,0.4488192267502612,0.6242727272727273,0.08169934640522875
2011-12-31,62.0,-0.2,4.127134385045092,0.4435699421965318,26.5,26.766666666666666,26.73333333333333,26.7125,26.66666666666667,26.66666666666667,26.684999999999995,27.633333333333336,28.03333333333333,27.33333333333333,27.725,27.73333333333333,27.73333333333333,27.7,25.766666666666666,26.066666666666666,26.133333333333336,25.875,25.9,25.9,25.93,1.2714285714285711,1.13,0.2333333333333333,1.0222222222222224,1.4687500000000002,1.07,4.257142857142857,3.81,0.8444444444444446,4.022222222222221,5.6875,3.9816666666666665,0.0,0.0,0.0,0.0,0.0,0.0,2.571428571428572,2.8,2.4444444444444446,1.6666666666666667,2.625,2.333333333333333,52.0,-0.11561602318868935,0.13286559532198794,0.884,403.65,12.810000000000002,216.3,259.6,169.57,217.19,313.54,32.0,0.6491950399665471,0.026855345911949692,0.4144472121095995,0.4771620255491224,0.34580716208499873,0.4538975966562173,0.712590909090909,0.12449424214130095
2012-01-07,74.0,-0.17272727272727273,4.30406509320417,0.4464166473988444,27.23333333333333,27.3,27.23333333333333,27.562500000000004,27.46666666666667,27.46666666666667,27.410000000000004,27.600000000000005,27.63333333333333,27.53333333333333,27.9125,27.7,27.7,27.73500000000001,26.8,26.96666666666667,26.96666666666667,27.125,27.23333333333333,27.23333333333333,27.045,0.5000000000000001,1.05,1.0,0.7555555555555556,0.4705882352941176,0.7311475409836065,3.3285714285714287,6.48,5.5888888888888895,5.166666666666666,3.294117647058824,4.7114754098360665,0.0,0.0,0.0,0.0,0.0,0.0,1.0,1.0,1.0,1.0,1.0,1.0,1.0,0.14791583511488327,1.3094529999604063,0.8815161290322581,349.2,12.04,208.08,171.69,84.0,197.38,202.24,99.52,0.5616224648985959,0.02524109014675053,0.3986970684039087,0.3155776123518059,0.17130271637164532,0.4124973876698014,0.4596363636363637,0.387177093059446
2012-01-14,66.0,-0.19090909090909086,4.189654742026425,0.4492633526011559,26.0,26.3,25.96666666666667,26.1625,26.266666666666666,26.266666666666666,26.145,27.46666666666667,27.73333333333333,26.93333333333333,27.5875,27.5,27.5,27.48,24.93333333333333,25.366666666666664,25.0,25.25,25.3,25.3,25.19,2.9714285714285715,4.72,5.822222222222222,5.355555555555554,3.86470588235294,4.6311475409836085,9.971428571428572,22.250000000000004,22.266666666666666,17.65,19.04705882352941,18.59344262295083,0.0,0.0,0.0,0.0,0.0,0.0,4.0,4.2,4.222222222222221,3.9444444444444446,4.117647058823529,4.081967213114754,2.0,-0.10708416488512283,-0.5455470000395941,0.8790322580645161,385.19999999999993,13.440000000000005,227.46,221.25,166.88000000000005,291.1,255.17,49.28,0.6195216880840181,0.028176100628930827,0.4358306188925081,0.4066721808657293,0.3403213965250021,0.6083594566353187,0.5799318181818179,0.19172113289760348
2012-01-21,61.0,-0.20227272727272727,4.110873864173311,0.4521100578034684,27.16666666666667,27.33333333333333,26.866666666666664,27.575,27.4,27.4,27.34500000000001,28.46666666666667,28.33333333333333,27.5,28.6875,28.23333333333333,28.23333333333333,28.355,25.53333333333333,25.9,25.83333333333333,26.2,26.433333333333334,26.433333333333334,26.035000000000004,14.371428571428574,13.37,10.111111111111112,9.788888888888891,9.24705882352941,10.798360655737703,70.35714285714286,73.85,47.36666666666666,43.87222222222222,40.90588235294119,51.51475409836063,0.0,0.0,0.0,0.0,0.0,0.0,4.285714285714286,2.7,2.4444444444444446,2.4444444444444446,2.294117647058824,2.6557377049180326,3.0,0.7679158351148736,0.29945299996041186,0.8765483870967742,366.48,12.11,264.69,228.33,156.24,288.97,413.17,0.0,0.5894140920275985,0.025387840670859536,0.5071661237785016,0.4196856906534326,0.3186230524512603,0.6039080459770115,0.9390227272727272,0.0
2012-01-28,52.0,-0.22272727272727272,3.951243718581428,0.454956878612717,26.5,26.73333333333333,26.6,26.7875,26.8,26.8,26.71,27.3,27.53333333333333,27.33333333333333,27.575,27.633333333333336,27.633333333333336,27.499999999999996,25.46666666666667,25.66666666666667,25.66666666666667,25.7375,25.73333333333333,25.73333333333333,25.675,7.671428571428572,4.8900000000000015,3.7888888888888888,3.8277777777777784,4.170588235294118,4.532786885245901,44.67142857142858,24.07,21.411111111111108,17.038888888888884,19.32941176470589,22.645901639344267,0.0,0.0,0.0,0.0,0.0,0.0,2.0,2.0,2.0,2.055555555555556,2.3529411764705883,2.114754098360656,4.0,-0.08708416488513038,-0.060547000039591126,0.8740645161290322,378.9500000000001,21.700000000000006,208.5,238.95,168.25,319.8,323.04,38.85,0.6094697396143269,0.04549266247379456,0.3995018202720827,0.4392059553349876,0.34311526225630146,0.6683385579937304,0.7341818181818183,0.1511437908496732
2012-02-04,85.0,-0.14772727272727273,4.442651256490317,0.4578035838150285,26.4,26.53333333333333,26.4,26.687500000000004,26.633333333333336,26.633333333333336,26.569999999999997,27.399999999999995,27.46666666666667,27.23333333333333,27.625000000000004,27.566666666666666,27.566666666666666,27.49999999999999,25.133333333333336,25.366666666666664,25.0,25.5625,25.7,25.7,25.405000000000005,10.042857142857144,9.239999999999998,9.411111111111113,5.388888888888888,7.423529411764706,7.7147540983606575,42.04285714285713,42.93000000000001,40.388888888888886,25.3,35.04705882352941,35.05409836065573,0.0,0.0,0.0,0.0,0.0,0.0,3.1428571428571432,1.7,1.8888888888888888,1.8333333333333333,2.117647058823529,2.0491803278688523,5.0,-0.26115947288006325,-0.9391374989389654,0.8706551724137931,319.5900000000001,34.300000000000004,172.04,197.65,148.41000000000003,266.64000000000004,215.80000000000004,13.95,0.5140003538285862,0.0719077568134172,0.32964169381107483,0.3632938149067182,0.3026551921037605,0.5572413793103449,0.4904545454545455,0.05427170868347338
2012-02-11,87.0,-0.1431818181818182,4.465908118654584,0.460650289017341,27.433333333333334,27.53333333333333,27.266666666666666,27.5375,27.66666666666667,27.66666666666667,27.5,27.8,27.9,27.8,28.037500000000005,28.1,28.1,27.955,27.066666666666666,27.16666666666667,26.866666666666664,27.1,27.33333333333333,27.33333333333333,27.105,0.05714285714285715,0.0,0.0,2.4944444444444445,0.15882352941176472,0.7868852459016393,0.2857142857142857,0.02,0.0,15.072222222222226,1.0117647058823531,4.7655737704918035,0.0,0.0,0.0,0.0,0.0,0.0,0.5714285714285714,0.1,0.0,1.6666666666666667,0.4117647058823529,0.6885245901639344,6.0,0.19384052711994929,0.7608625010610304,0.8665517241379309,401.33,24.010000000000005,135.70000000000002,259.6,202.47000000000003,255.42,258.05,106.33,0.6454637566945977,0.05033542976939205,0.2600114964552596,0.4771620255491223,0.41290072599722655,0.5337931034482759,0.5864772727272728,0.4136710239651416
2012-02-18,65.0,-0.19318181818181815,4.174387269895637,0.4634969942196536,26.73333333333333,27.03333333333333,26.866666666666664,27.175,27.266666666666666,27.266666666666666,27.055,27.633333333333336,27.766666666666666,27.93333333333333,27.8375,27.866666666666664,27.866666666666664,27.815,25.2,25.66666666666667,25.633333333333336,25.875,25.83333333333333,25.83333333333333,25.7,9.55714285714286,6.67,6.588888888888889,3.344444444444444,4.0176470588235285,5.268852459016394,31.557142857142853,24.87,19.944444444444443,13.9,16.95294117647059,19.46721311475409,0.08571428571428573,0.0,0.0,0.0,0.0,0.009836065573770493,5.0,3.5,3.555555555555556,2.2222222222222223,2.588235294117647,3.0491803278688523,7.0,0.053840527119945136,-0.6441374989389708,0.8624482758620692,361.8,23.800000000000004,137.54000000000002,279.66,139.23000000000002,331.32,143.65,36.58,0.5818871930134938,0.04989517819706501,0.2635370760682123,0.5140336366142819,0.2839342523860022,0.6924137931034483,0.3264772727272727,0.14231248054777465
2012-02-25,51.0,-0.225,3.9318256327243257,0.4663436994219651,27.23333333333333,27.5,27.23333333333333,27.5,27.5,27.5,27.42,28.33333333333333,28.433333333333334,28.1,28.4125,28.399999999999995,28.399999999999995,28.355,25.966666666666665,26.266666666666666,25.96666666666667,26.4,26.3,26.3,26.235000000000007,4.828571428571427,3.02,1.844444444444444,3.233333333333333,2.5764705882352943,2.9934426229508193,21.571428571428577,16.060000000000002,10.744444444444444,14.433333333333335,13.576470588235292,14.736065573770489,0.0,0.0,0.0,0.0,0.0,0.0,2.571428571428572,2.7,2.4444444444444446,2.9444444444444446,2.588235294117647,2.6885245901639343,8.0,0.5938405271199443,-0.10913749893896707,0.8583448275862068,353.9,22.540000000000006,194.48,200.09,195.66000000000003,202.05,220.55,31.31,0.5691815301478038,0.04725366876310273,0.3726384364820846,0.3677786968109549,0.3990129700628111,0.4222570532915361,0.50125,0.12180983504512916
2012-03-03,55.0,-0.2159090909090909,4.007333185232471,0.4691904046242777,27.0,27.43333333333333,27.200000000000006,26.9125,27.2,27.2,27.090000000000003,28.03333333333333,28.366666666666664,28.16666666666667,27.8625,28.366666666666664,28.366666666666664,28.085,25.266666666666666,25.600000000000005,25.700000000000006,25.6,25.53333333333333,25.53333333333333,25.555,5.300000000000002,5.43,4.9,13.255555555555553,6.317647058823531,7.89344262295082,19.542857142857144,21.8,22.63333333333333,42.20555555555555,20.847058823529405,27.419672131147546,0.0,0.0,0.0,0.12777777777777774,0.0,0.03770491803278688,3.2857142857142856,3.0,2.4444444444444446,5.4444444444444455,3.2352941176470584,3.737704918032787,9.0,-0.3040749059257948,-1.130153917557443,0.8576451612903226,339.2999999999999,18.48,221.34,132.09,229.9,156.35000000000005,143.07999999999996,51.46,0.5457001785226048,0.03874213836477988,0.4241042345276872,0.24279018472566866,0.4688392201647769,0.3267502612330199,0.3251818181818181,0.2002023031434796
2012-03-10,46.0,-0.2363636363636364,3.828641396489095,0.4720371098265891,27.066666666666666,27.46666666666667,27.066666666666666,27.457142857142852,27.399999999999995,27.399999999999995,27.32631578947369,28.16666666666667,28.33333333333333,27.83333333333333,28.271428571428572,28.23333333333333,28.23333333333333,28.18947368421052,25.53333333333333,25.96666666666667,25.633333333333336,26.214285714285715,25.96666666666667,25.96666666666667,25.93684210526316,8.471428571428572,4.4,6.977777777777778,11.344444444444445,6.958823529411764,8.00983606557377,28.985714285714288,16.810000000000002,31.355555555555558,38.17777777777777,26.094117647058827,29.24590163934425,0.0,0.0,0.0,0.011111111111111113,0.0,0.003278688524590164,4.714285714285714,3.3,2.6666666666666665,3.055555555555556,2.235294117647059,3.0,10.0,-0.1996012217152696,-0.7483118122942827,0.8614838709677418,339.95,19.39,220.5,112.2,228.8,118.72,80.85,47.12000000000001,0.5467455811634527,0.04064989517819707,0.4224947307913393,0.2062310449407224,0.4665959703075292,0.2481086729362592,0.18375,0.18331777155306567
2012-03-17,64.0,-0.19545454545454544,4.158883083359672,0.4748838150289018,26.4,26.7,26.7,26.842857142857145,26.76666666666667,26.76666666666667,26.71578947368421,28.0,28.266666666666666,28.1,28.614285714285717,28.46666666666667,28.46666666666667,28.35789473684211,24.43333333333333,24.66666666666667,24.66666666666667,24.814285714285717,24.566666666666666,24.566666666666666,24.668421052631587,9.028571428571428,12.51,12.81111111111111,9.4,10.241176470588234,10.60491803278688,29.62857142857143,41.06,58.2,38.20555555555555,39.69411764705882,41.05409836065574,0.0,0.0,0.0,0.0,0.0,0.0,2.0,2.3,2.333333333333333,2.2222222222222223,2.4705882352941178,2.295081967213114,11.0,-0.031180169083683037,-2.0167328649258565,0.8653225806451613,304.85,23.38,219.24,191.76,260.7,142.57000000000005,123.96999999999998,32.86,0.4902938385576661,0.0490146750524109,0.42008047518681735,0.3524676040805073,0.5316502161677135,0.297951933124347,0.28174999999999994,0.1278400248988484
2012-03-24,73.0,-0.175,4.290459441148391,0.4777306358381503,27.33333333333333,27.8,27.3,28.1,27.93333333333333,27.93333333333333,27.77894736842105,27.83333333333333,28.3,27.66666666666667,28.57142857142857,28.5,28.5,28.257894736842108,26.66666666666667,27.1,26.86666666666667,27.214285714285715,27.03333333333333,27.03333333333333,27.02631578947368,8.157142857142857,6.5,6.666666666666668,1.9444444444444442,5.535294117647059,5.101639344262294,45.0,28.09,29.06666666666667,11.68888888888889,30.03529411764705,25.877049180327862,0.0,0.0,0.0,0.0,0.0,0.0,2.0,2.2,2.6666666666666665,1.6111111111111112,2.0,2.0163934426229506,12.0,-0.1311801690836809,0.3411618719162455,0.8691612903225806,341.9000000000001,20.86,202.44,167.79000000000005,143.55,196.63,102.9,49.6,0.5498817890859965,0.04373165618448637,0.3878904004598581,0.308409153570444,0.2927441063708296,0.4109299895506792,0.2338636363636364,0.1929660753190165
2012-03-31,48.0,-0.2318181818181818,3.8712010109078916,0.4805773410404629,26.66666666666667,27.16666666666667,27.0,27.42857142857143,27.43333333333333,27.43333333333333,27.2,27.23333333333333,27.600000000000005,27.566666666666666,28.128571428571423,28.200000000000006,28.200000000000006,27.826315789473682,25.66666666666667,26.16666666666667,26.16666666666667,26.042857142857148,26.133333333333336,26.133333333333336,26.036842105263162,12.014285714285714,14.62,14.255555555555556,17.227777777777778,12.229411764705885,14.370491803278695,41.41428571428571,47.15,48.288888888888884,65.94444444444444,52.30588235294118,53.642622950819685,0.028571428571428574,0.4400000000000001,0.0,0.0,0.0,0.07540983606557378,3.7142857142857135,3.5,3.2222222222222223,2.5,3.0588235294117645,3.065573770491804,13.0,-0.56275911645211,-0.6483118122942777,0.873,399.59999999999985,18.76,157.2,179.53000000000003,138.18,241.86,230.65000000000003,50.31999999999999,0.642681377358187,0.03932914046121594,0.3012071278022609,0.3299880525686978,0.2817929684313565,0.5054545454545455,0.5242045454545455,0.19576719576719573
2012-04-07,52.0,-0.22272727272727272,3.951243718581428,0.4834240462427744,26.899999999999995,27.66666666666667,27.266666666666666,27.54285714285714,27.633333333333336,27.633333333333336,27.431578947368422,28.2,28.93333333333333,28.23333333333333,28.67142857142857,28.8,28.8,28.589473684210528,25.83333333333333,26.766666666666666,26.5,26.657142857142855,26.76666666666667,26.76666666666667,26.536842105263162,13.050000000000002,17.7,13.888888888888893,15.105555555555556,14.558823529411766,14.995,32.96666666666667,46.48,50.66666666666666,45.311111111111096,47.75294117647059,45.76666666666667,1.883333333333333,1.65,0.3111111111111111,0.1888888888888889,0.7176470588235294,0.7699999999999997,6.0,7.0,6.0,4.166666666666667,5.764705882352941,5.55,14.0,-0.19245047050612385,-0.3555142958856088,0.8678666666666666,415.1,20.720000000000006,153.89999999999995,234.08,122.99,261.8,284.87,49.21,0.6676102095630216,0.043438155136268364,0.2948840774094653,0.4302545721900561,0.2508157272208173,0.5471264367816092,0.6474318181818182,0.19144880174291934
2012-04-14,82.0,-0.15454545454545454,4.4067192472642525,0.4862707514450869,26.7,27.4,27.3,27.414285714285718,27.633333333333336,27.633333333333336,27.315789473684216,28.66666666666667,29.3,28.66666666666667,28.885714285714283,29.133333333333336,29.133333333333336,28.921052631578952,25.93333333333333,26.43333333333333,26.33333333333333,26.75714285714286,26.93333333333333,26.93333333333333,26.536842105263162,22.58333333333333,17.860000000000007,13.566666666666665,14.427777777777774,7.7529411764705864,13.795000000000005,72.51666666666667,76.14000000000001,60.53333333333333,47.62777777777778,30.752941176470593,52.02333333333332,0.0,0.0,0.0,0.0,0.0,0.0,4.5,4.4,3.0,3.055555555555556,2.647058823529412,3.3,15.0,0.13912847686230026,-0.3555142958856088,0.8627333333333332,392.0,21.56,151.64999999999995,204.96000000000004,150.43,209.44000000000003,219.6,80.66,0.6304582080190424,0.045199161425576534,0.2905729066871047,0.3767300799558865,0.30677461456888816,0.4377011494252874,0.4990909090909091,0.3138032990974167
2012-04-21,77.0,-0.16590909090909092,4.343805421853683,0.4891174566473984,27.16666666666667,27.93333333333333,27.466666666666665,27.957142857142852,27.93333333333333,27.93333333333333,27.747368421052638,28.3,29.066666666666666,28.5,28.985714285714288,28.93333333333333,28.93333333333333,28.805263157894736,26.066666666666666,26.8,26.6,27.057142857142853,27.066666666666666,27.066666666666666,26.789473684210524,6.716666666666668,7.6400000000000015,9.2,9.066666666666666,6.711764705882354,7.946666666666664,23.266666666666666,34.230000000000004,42.74444444444444,37.36666666666667,32.729411764705894,34.92666666666666,0.0,0.0,0.0,0.0,0.0,0.0,4.0,2.8,1.5555555555555556,3.1666666666666665,2.5294117647058822,2.7666666666666666,16.0,0.023339003178083573,-0.10288271693824667,0.8575999999999999,425.6,20.930000000000003,178.2,189.28000000000003,176.39999999999995,348.81,212.28000000000003,85.47,0.6844974829921031,0.043878406708595385,0.3414447212109599,0.3479091995221028,0.3597357043804551,0.7289655172413794,0.4824545454545455,0.33251633986928103
2012-04-28,64.0,-0.19545454545454544,4.158883083359672,0.49196416184971103,28.13333333333333,28.73333333333333,28.03333333333333,28.57142857142857,28.43333333333333,28.43333333333333,28.421052631578952,28.9,29.53333333333333,29.16666666666667,29.142857142857146,29.1,29.1,29.16315789473685,26.83333333333333,27.066666666666666,26.66666666666667,27.17142857142857,26.7,26.7,26.947368421052627,0.4166666666666667,2.52,2.8222222222222215,1.3888888888888893,6.6117647058823525,3.175000000000001,2.1166666666666667,10.73,8.466666666666667,5.372222222222224,27.564705882352943,12.691666666666668,0.0,0.0,0.0,0.0,0.0,0.0,1.5,3.0,3.2222222222222223,3.0,4.235294117647058,3.2333333333333334,17.0,0.38123374002019617,0.055012019903855965,0.8524666666666666,395.13,17.360000000000007,201.1,164.00000000000003,106.48,222.17000000000004,258.38,63.45,0.6354922238126639,0.03639412997903565,0.3853228587852079,0.30144288208804343,0.2171465861815809,0.4643051201671892,0.5872272727272727,0.2468487394957983
2012-05-05,88.0,-0.1409090909090909,4.477336814478207,0.4948108670520235,27.53333333333333,28.33333333333333,27.899999999999995,28.41428571428571,28.46666666666667,28.46666666666667,28.18947368421053,28.633333333333336,29.2,28.8,29.3,29.46666666666667,29.46666666666667,29.126315789473683,26.433333333333334,27.16666666666667,27.0,27.285714285714285,27.26666666666667,27.26666666666667,27.08421052631579,17.942857142857143,13.86,9.8,11.422222222222226,7.0352941176470605,11.108196721311476,83.92857142857143,54.15,47.422222222222224,52.438888888888904,34.05882352941177,50.47049180327868,0.028571428571428574,0.0,0.0,0.0,0.0,0.003278688524590164,3.7142857142857135,3.6,3.333333333333333,3.0,3.882352941176471,3.4754098360655736,18.0,-0.2353241387066305,-0.2612275420351722,0.8477741935483871,384.82,22.05,240.5,227.7,121.20000000000002,173.45999999999995,269.5,7.949999999999998,0.6189105296170608,0.046226415094339626,0.4608162483234336,0.4185277088502895,0.2471653479076597,0.3625078369905956,0.6125,0.03092903828197945
2012-05-12,97.0,-0.12045454545454545,4.574710978503383,0.4976575722543351,27.066666666666666,28.03333333333333,27.66666666666667,28.228571428571424,28.266666666666666,28.266666666666666,27.931578947368433,28.73333333333333,29.66666666666667,29.03333333333333,29.457142857142852,29.53333333333333,29.53333333333333,29.321052631578947,25.133333333333336,26.066666666666666,26.1,26.37142857142857,26.46666666666667,26.46666666666667,26.1,12.828571428571431,8.31,8.966666666666667,6.677777777777778,6.711764705882352,7.998360655737707,35.371428571428574,23.28,28.37777777777778,22.244444444444447,25.09411764705882,25.619672131147546,0.6857142857142858,0.02,0.3333333333333333,0.022222222222222227,0.0,0.1377049180327869,5.857142857142858,4.3,4.666666666666667,4.055555555555555,3.8235294117647056,4.327868852459017,19.0,-0.040587296601369616,-1.245438068350964,0.8432580645161291,373.46,25.97,242.0,211.2,113.2,144.55,251.3,24.45,0.6006401080785501,0.05444444444444445,0.4636903621383406,0.3881996140060656,0.2308508034913125,0.3020898641588297,0.5711363636363637,0.09512138188608776
2012-05-19,80.0,-0.1590909090909091,4.382026634673881,0.5005043930635836,28.1,28.9,28.433333333333334,28.771428571428572,28.766666666666666,28.766666666666666,28.63157894736842,29.266666666666666,30.2,29.566666666666666,29.942857142857143,29.96666666666667,29.96666666666667,29.82105263157895,26.433333333333334,27.3,27.1,27.4,27.2,27.2,27.15263157894737,3.4285714285714284,6.3900000000000015,8.488888888888889,8.161111111111111,10.682352941176473,8.078688524590161,15.928571428571427,31.32,38.64444444444445,38.516666666666666,61.235294117647065,41.09508196721313,0.0,0.0,0.0,0.0,0.0,0.0,3.0,3.0,3.333333333333333,3.2222222222222223,4.235294117647058,3.459016393442623,20.0,0.459412703398641,-0.19280648940358705,0.838741935483871,372.04,31.430000000000003,205.0,165.0,146.0,187.03,268.1,0.0,0.5983563053862361,0.0658909853249476,0.3927955547039662,0.3032809484422388,0.2977404355983359,0.3908672936259143,0.6093181818181818,0.0
2012-05-26,80.0,-0.1590909090909091,4.382026634673881,0.5033510982658962,27.96666666666667,28.766666666666666,28.53333333333333,28.728571428571428,28.8,28.8,28.59473684210527,28.66666666666667,29.46666666666667,29.2,29.6,29.8,29.8,29.4,27.16666666666667,27.8,27.566666666666666,27.685714285714287,27.76666666666667,27.76666666666667,27.61578947368421,12.171428571428573,7.5299999999999985,9.255555555555556,11.22777777777778,8.417647058823531,9.655737704918034,47.471428571428575,29.41,35.78888888888889,42.71111111111111,39.376470588235286,39.12622950819674,0.0,0.0,0.0,0.0,0.03529411764705883,0.009836065573770493,3.2857142857142856,4.5,3.4444444444444446,4.5555555555555545,5.0,4.360655737704918,21.0,0.03836007181968881,0.2703514053332512,0.8342258064516129,354.87999999999994,21.49,225.5,244.27000000000004,127.3,181.09,236.45,31.8,0.5707576756678514,0.04505241090146751,0.4320751101743629,0.4489844683393072,0.2596051880251244,0.3784535005224661,0.5373863636363637,0.1237161531279178
2012-06-02,81.0,-0.15681818181818186,4.394449154672439,0.5061978034682076,27.766666666666666,28.43333333333333,27.96666666666667,28.314285714285717,28.36666666666667,28.36666666666667,28.200000000000006,28.7,29.2,28.73333333333333,29.085714285714282,29.03333333333333,29.03333333333333,28.97894736842105,26.63333333333333,27.33333333333333,27.03333333333333,27.314285714285717,27.266666666666666,27.266666666666666,27.157894736842106,1.0,4.43,4.655555555555555,5.583333333333334,3.7352941176470584,4.21639344262295,5.357142857142857,19.42,24.322222222222226,25.277777777777782,14.929411764705879,19.006557377049177,0.0,0.0,0.0,0.0,0.0,0.0,2.571428571428572,2.6,2.555555555555556,2.2777777777777777,1.8823529411764703,2.295081967213114,22.0,-0.22258228185408413,0.10354122855030568,0.8282666666666667,356.04,27.020000000000003,198.88,171.6,120.15000000000002,226.46,191.75,36.6,0.5726233173038262,0.056645702306079675,0.3810691703391453,0.31541218637992835,0.2450240639530141,0.4732706374085684,0.43579545454545454,0.14239028944911294
2012-06-09,100.0,-0.11363636363636365,4.605170185988092,0.5090445086705202,28.066666666666666,28.9,28.366666666666664,28.857142857142854,28.766666666666666,28.766666666666666,28.647368421052644,29.46666666666667,30.46666666666667,29.6,30.07142857142857,30.03333333333333,30.03333333333333,29.957894736842107,26.100000000000005,26.66666666666667,26.5,26.75714285714286,26.5,26.5,26.55789473684211,10.342857142857145,6.910000000000001,5.3888888888888875,9.65,7.341176470588236,8.008196721311476,60.371428571428574,32.33,30.122222222222227,61.92777777777778,39.847058823529416,46.050819672131155,0.0,0.0,0.0,0.0,0.0,0.0,2.7142857142857144,2.4,2.1111111111111107,2.1666666666666665,2.294117647058824,2.295081967213114,23.0,0.7563650865669764,-0.4964587714496958,0.8186999999999999,305.67,24.29,194.04,213.2,109.8,176.88000000000005,111.15,51.45,0.4916126541968896,0.050922431865828094,0.37179536309637856,0.3918757467144564,0.22391712211436496,0.3696551724137931,0.2526136363636364,0.2001633986928104
2012-06-16,88.0,-0.1409090909090909,4.477336814478207,0.5118912138728328,29.133333333333336,29.73333333333333,29.100000000000005,29.414285714285718,29.366666666666664,29.366666666666664,29.36315789473685,29.66666666666667,30.2,29.566666666666666,29.785714285714285,29.83333333333333,29.83333333333333,29.80526315789474,28.433333333333334,29.16666666666667,28.43333333333333,28.92857142857143,28.73333333333333,28.73333333333333,28.778947368421054,0.0,0.0,0.0,0.0,0.0,0.0,0.014285714285714287,0.0,0.0,0.011111111111111113,0.0,0.004918032786885246,0.0,0.0,0.0,0.0,0.0,0.0,0.14285714285714285,0.0,0.0,0.05555555555555555,0.0,0.032786885245901634,24.0,0.6037335076196086,1.7245938601292536,0.8091333333333333,368.45999999999987,27.090000000000003,167.64,247.0,129.15,162.81,71.5,23.85,0.5925985493027968,0.05679245283018869,0.32121095995401416,0.4540023894862605,0.2633779264214047,0.3402507836990596,0.1625,0.09278711484593838
2012-06-23,129.0,-0.04772727272727273,4.859812404361672,0.5147379190751443,28.566666666666666,29.26666666666667,28.766666666666666,29.257142857142853,29.133333333333336,29.133333333333336,29.052631578947373,29.7,30.03333333333333,29.43333333333333,29.742857142857147,29.7,29.7,29.72631578947369,27.2,28.26666666666667,27.66666666666667,28.414285714285718,27.93333333333333,27.93333333333333,28.00526315789473,2.5857142857142863,3.63,0.4111111111111111,0.2555555555555556,0.8,1.2508196721311473,14.72857142857143,18.4,2.4111111111111114,1.844444444444444,4.376470588235295,6.826229508196724,0.0,0.0,0.0,0.0,0.0,0.0,1.8571428571428568,2.5,1.1111111111111112,0.3888888888888889,1.6470588235294117,1.360655737704918,25.0,0.5247861391985573,0.9509096496029272,0.7995666666666666,330.51,18.550000000000004,174.67999999999995,195.0,136.8,202.34,138.45,23.55,0.5315631181948309,0.038888888888888896,0.33470013412531124,0.3584229390681004,0.2789787095195367,0.4228631138975967,0.3146590909090909,0.09161998132586366
2012-06-30,151.0,0.002272727272727273,5.017279836814924,0.5175846242774569,27.8,28.899999999999995,28.433333333333334,28.714285714285715,28.8,28.8,28.568421052631574,28.8,29.8,29.1,29.714285714285715,29.66666666666667,29.66666666666667,29.47894736842105,26.8,27.9,27.7,27.728571428571428,28.066666666666666,28.066666666666666,27.657894736842106,2.4285714285714284,2.8300000000000005,0.4,7.1944444444444455,1.1823529411764704,3.2540983606557377,12.171428571428573,13.28,2.1666666666666665,39.04444444444444,7.470588235294117,17.496721311475408,0.0,0.0,0.0,0.0,0.0,0.0,1.7142857142857142,1.3,0.7777777777777778,1.1666666666666667,1.1176470588235294,1.180327868852459,26.0,0.2774177181459159,0.6035412285503021,0.79,324.99,25.630000000000006,206.54,199.23999999999995,212.78000000000003,191.7,128.29,90.95,0.5226852373063995,0.05373165618448638,0.3957463115539375,0.3662163404098888,0.433926095113794,0.40062695924764896,0.2915681818181818,0.35383597883597884
2012-07-07,140.0,-0.022727272727272728,4.941642422609304,0.5204313294797683,26.66666666666667,27.5,27.399999999999995,27.557142857142853,27.566666666666666,27.566666666666666,27.384210526315798,27.83333333333333,28.399999999999995,28.4,28.628571428571423,28.53333333333333,28.53333333333333,28.41578947368421,25.63333333333333,26.1,26.133333333333336,26.542857142857148,26.26666666666667,26.26666666666667,26.22105263157895,22.142857142857146,17.29,12.088888888888887,17.933333333333326,15.105882352941176,16.660655737704918,45.671428571428564,48.86,42.49999999999999,55.72222222222222,49.470588235294116,49.750819672131136,0.0,0.04,0.022222222222222227,0.011111111111111113,0.011764705882352941,0.016393442622950817,4.285714285714286,5.5,4.888888888888889,4.722222222222221,4.352941176470588,4.721311475409836,27.0,-0.4511340764606047,-0.6271578212164606,0.794741935483871,360.0,30.96,227.7,197.2,221.76,216.32,247.04,44.66,0.5789922318542227,0.0649056603773585,0.4362904771028932,0.3624666850473302,0.4522391712211436,0.4520794148380356,0.5614545454545453,0.17374727668845313
2012-07-14,132.0,-0.040909090909090916,4.8828019225863715,0.5232781502890169,27.3,27.866666666666664,27.433333333333334,27.728571428571428,27.566666666666666,27.566666666666666,27.610526315789475,28.5,28.83333333333333,28.33333333333333,28.41428571428571,28.366666666666664,28.366666666666664,28.47368421052632,26.0,26.4,26.33333333333333,26.67142857142857,26.4,26.4,26.42631578947368,2.271428571428572,3.5900000000000007,3.555555555555556,2.605555555555556,2.6,2.8672131147540973,13.014285714285714,15.35,16.28888888888889,11.855555555555556,12.270588235294118,13.331147540983606,0.0,0.0,0.0,0.0,0.0,0.0,3.1428571428571432,3.4,3.6666666666666665,3.0,2.3529411764705883,3.0,28.0,-0.3932393396184999,-0.4218946633217264,0.7994838709677421,339.75,21.6,243.00000000000003,227.36,194.88,204.16000000000003,134.4,57.13,0.5464239188124226,0.04528301886792453,0.4656064380149454,0.4179027662898631,0.3974223019822171,0.4266666666666667,0.3054545454545455,0.22226112667289136
2012-07-21,125.0,-0.05681818181818181,4.8283137373023015,0.5261248554913295,26.7,27.46666666666667,27.2,27.342857142857138,27.46666666666667,27.46666666666667,27.257894736842108,28.366666666666664,29.066666666666666,28.366666666666664,28.642857142857146,28.73333333333333,28.73333333333333,28.636842105263156,25.566666666666666,26.600000000000005,26.46666666666667,26.57142857142857,26.9,26.9,26.452631578947372,7.014285714285713,4.74,4.111111111111111,8.027777777777779,2.6470588235294112,5.295081967213116,24.357142857142854,20.25,16.111111111111118,34.20555555555555,11.61176470588235,21.821311475409843,0.0,0.0,0.0,0.0,0.0,0.0,2.2857142857142856,2.4,2.0,2.4444444444444446,1.7647058823529411,2.1639344262295084,29.0,-0.2300814448816624,-0.3955788738480415,0.8042258064516129,346.5,31.23,249.75000000000003,218.08,152.88,179.2,180.48,84.1,0.5572800231596893,0.06547169811320755,0.4785399501820272,0.4008455105229299,0.3117709437963945,0.3745036572622779,0.41018181818181815,0.32718643012760656
2012-07-28,110.0,-0.09090909090909093,4.700480365792417,0.528971560693642,28.6,29.266666666666666,28.53333333333333,28.87142857142857,28.766666666666666,28.766666666666666,28.82105263157895,29.46666666666667,29.566666666666666,29.03333333333333,29.285714285714285,29.2,29.2,29.305263157894736,27.8,28.5,27.76666666666667,27.914285714285718,27.700000000000006,27.700000000000006,27.931578947368426,0.35714285714285715,0.7,0.2555555555555556,1.1555555555555554,1.223529411764706,0.8754098360655741,2.4285714285714284,4.9,1.8888888888888893,8.094444444444445,8.600000000000001,6.145901639344263,0.0,0.0,0.0,0.0,0.0,0.0,0.8571428571428571,0.9,0.5555555555555556,1.0,0.9411764705882352,0.8852459016393442,30.0,0.4383396077499207,1.0833684945730122,0.8089677419354838,319.32,27.300000000000004,232.43,229.24,210.19,127.14,298.96,0.0,0.5135661096546955,0.057232704402515724,0.4453535159992335,0.4213583310357504,0.4286442613590015,0.265705329153605,0.6794545454545454,0.0
2012-08-04,94.0,-0.12727272727272726,4.543294782270004,0.5318182658959535,27.9,28.46666666666667,28.1,28.285714285714285,28.2,28.2,28.210526315789476,28.93333333333333,29.23333333333333,28.6,28.814285714285717,28.866666666666664,28.866666666666664,28.873684210526317,26.6,27.3,27.3,27.342857142857145,26.899999999999995,26.899999999999995,27.14210526315789,10.785714285714288,11.77,5.022222222222221,4.461111111111112,10.570588235294117,8.170491803278686,57.228571428571435,72.61,28.600000000000005,22.544444444444448,50.37647058823529,43.38196721311478,0.0,0.0,0.0,0.0,0.0,0.0,1.5714285714285714,2.0,1.7777777777777777,1.5555555555555556,2.0,1.786885245901639,31.0,0.123025852984739,0.3264467513480689,0.8093225806451612,342.7199999999999,25.6,205.04,226.8,202.99,189.98,324.69,52.25,0.5512006047252198,0.05366876310272537,0.3928721977390304,0.4168734491315136,0.4139611713842891,0.39703239289446185,0.7379318181818182,0.20327575474634296
2012-08-11,127.0,-0.05227272727272727,4.84418708645859,0.5346649710982662,28.266666666666666,28.8,28.26666666666667,28.457142857142852,28.4,28.4,28.44210526315789,29.1,29.366666666666664,28.83333333333333,29.02857142857143,28.866666666666664,28.866666666666664,29.036842105263148,27.53333333333333,28.266666666666666,27.66666666666667,27.728571428571428,27.8,27.8,27.78421052631579,0.1,0.0,0.07777777777777778,0.17222222222222222,0.0,0.07377049180327869,0.7142857142857143,0.0,0.5555555555555556,1.0499999999999998,0.011764705882352941,0.4770491803278689,0.0,0.0,0.0,0.0,0.0,0.0,0.2857142857142857,0.0,0.2222222222222222,0.7777777777777778,0.05882352941176471,0.3114754098360656,32.0,0.2861837477215694,0.9685520145059598,0.8063870967741935,351.36,25.68,224.84,170.4,240.09,202.36999999999995,358.66,9.88,0.5650964182897213,0.05383647798742138,0.4308105000958037,0.3132065067548939,0.48961987111509897,0.42292580982236144,0.8151363636363637,0.038437597261126666
2012-08-18,115.0,-0.07954545454545454,4.74493212836325,0.5375116763005776,28.066666666666666,28.66666666666667,28.16666666666667,28.57142857142857,28.5,28.5,28.431578947368422,29.23333333333333,29.566666666666666,28.93333333333333,29.185714285714283,29.03333333333333,29.03333333333333,29.18947368421053,26.600000000000005,27.43333333333333,27.0,27.214285714285715,27.1,27.1,27.100000000000005,5.585714285714286,2.37,2.0222222222222217,3.266666666666666,1.1823529411764706,2.6213114754098368,33.642857142857146,15.249999999999995,8.155555555555555,22.63333333333333,8.058823529411764,16.48852459016393,0.0,0.0,0.0,0.0,0.0,0.0,2.142857142857143,1.5,2.4444444444444446,1.2222222222222223,1.2941176470588236,1.5737704918032789,33.0,0.4388153266689479,0.2843414881901758,0.8034516129032258,384.48,34.800000000000004,201.08,208.2,196.63,135.11,312.05,33.82,0.6183637036203097,0.07295597484276731,0.38528453726767575,0.38268541494347946,0.4009911085732931,0.2823615464994775,0.7092045454545455,0.13157485216308745
2012-08-25,92.0,-0.1318181818181818,4.5217885770490405,0.5403583815028902,27.4,28.33333333333333,28.0,28.185714285714283,28.16666666666667,28.16666666666667,28.052631578947373,28.2,28.96666666666667,28.633333333333336,28.757142857142853,28.73333333333333,28.73333333333333,28.678947368421053,26.7,27.566666666666666,27.33333333333333,27.271428571428572,27.066666666666666,27.066666666666666,27.20526315789473,4.785714285714287,1.94,2.311111111111112,2.8888888888888893,1.2058823529411764,2.3967213114754102,16.885714285714286,9.239999999999998,14.06666666666667,15.144444444444444,5.6941176470588255,11.583606557377047,0.0,0.0,0.0,0.0,0.0,0.0,4.571428571428571,2.0,1.2222222222222223,2.5,2.411764705882353,2.442622950819672,34.0,-0.07171098912052187,0.38960464608490497,0.800516129032258,369.36,25.04,214.28000000000003,216.0,216.24,226.55999999999997,333.38,57.95,0.5940460298824325,0.05249475890985325,0.41057673883885804,0.39702233250620345,0.4409821355738641,0.4734796238244513,0.7576818181818181,0.2254512916277622
2012-09-01,102.0,-0.10909090909090907,4.624972813284272,0.5432050867052027,26.5,27.366666666666664,27.23333333333333,27.157142857142855,27.2,27.2,27.105263157894736,28.76666666666667,29.16666666666667,28.83333333333333,28.728571428571428,28.9,28.9,28.84736842105262,25.266666666666666,26.3,26.266666666666666,26.057142857142857,26.3,26.3,26.042105263157893,6.4,3.67,5.477777777777778,10.366666666666667,9.705882352941174,7.9081967213114766,25.257142857142853,12.99,25.38888888888889,42.538888888888884,31.517647058823535,30.109836065573763,0.0,0.0,0.0,0.0,0.0,0.0,3.8571428571428568,3.1,2.888888888888889,3.8333333333333335,4.235294117647058,3.6885245901639343,35.0,0.07748798410269231,-0.4506802390244076,0.7979666666666667,401.25,29.36,166.8,232.41000000000003,200.97,242.17,189.42,52.8,0.6453350917541857,0.06155136268343815,0.31960145621766617,0.42718500137854987,0.4098417489191614,0.5061024033437826,0.4305000000000001,0.20541549953314656
2012-09-08,76.0,-0.16818181818181818,4.330733340286331,0.5460519075144513,27.566666666666666,28.03333333333333,27.566666666666666,27.975,27.93333333333333,27.93333333333333,27.855,28.866666666666664,29.13333333333333,28.73333333333333,28.975,28.9,28.9,28.934999999999995,25.866666666666664,26.4,26.03333333333333,26.4,26.2,26.2,26.235000000000007,2.3285714285714287,1.96,4.2777777777777795,1.4722222222222219,1.7529411764705882,2.142622950819672,11.399999999999995,9.87,23.68888888888889,8.45,9.870588235294116,11.665573770491806,0.0,0.0,0.0,0.0,0.0,0.0,2.0,1.3,1.3333333333333333,1.7777777777777777,1.9411764705882355,1.7049180327868851,36.0,0.16511956305006234,-0.25778550218230123,0.7977333333333333,388.5,29.200000000000006,176.39999999999995,258.64,225.54,226.31,149.16000000000003,80.64,0.6248291168760153,0.061215932914046124,0.3379957846330714,0.4753974818490948,0.4599477934578677,0.472957157784744,0.3390000000000001,0.3137254901960784
2012-09-15,74.0,-0.17272727272727273,4.30406509320417,0.5488986127167628,27.3,28.1,27.66666666666667,27.8,27.83333333333333,27.83333333333333,27.755000000000006,28.066666666666666,29.0,28.53333333333333,28.675,28.83333333333333,28.83333333333333,28.635,25.83333333333333,26.6,26.566666666666666,26.6625,26.73333333333333,26.73333333333333,26.525,5.142857142857143,3.839999999999999,2.0444444444444443,2.944444444444444,1.2235294117647058,2.7311475409836072,29.228571428571428,22.05,10.666666666666664,13.205555555555556,4.9529411764705875,13.819672131147545,0.0,0.0,0.0,0.0,0.0,0.0,1.4285714285714286,1.9,2.1111111111111107,2.2222222222222223,2.588235294117647,2.1639344262295084,37.0,-0.1348804369499348,0.032214497817694365,0.7975,378.0,34.24,200.40000000000003,278.77,205.38,226.92,153.12,44.64,0.6079418434469338,0.07178197064989518,0.38398160567158457,0.5123977575590479,0.4188351415286728,0.4742319749216301,0.34800000000000003,0.17366946778711484
2012-09-22,72.0,-0.17727272727272728,4.276666119016055,0.5517453179190753,27.93333333333333,28.766666666666666,28.26666666666667,28.5375,28.6,28.6,28.45000000000001,28.73333333333333,29.6,28.8,29.2375,29.2,29.2,29.145,26.83333333333333,27.73333333333333,27.7,27.450000000000006,27.7,27.7,27.475000000000005,5.628571428571428,1.2599999999999998,0.2444444444444445,3.8222222222222233,1.5294117647058825,2.442622950819672,27.17142857142857,6.1,1.5888888888888892,22.73333333333333,9.68235294117647,13.759016393442623,0.0,0.0,0.0,0.0,0.0,0.0,3.0,1.9,0.5555555555555556,2.333333333333333,1.5882352941176472,1.8688524590163933,38.0,0.3751195630500668,0.9822144978177008,0.7972666666666668,381.75,26.16,225.20000000000005,228.75,165.06,201.91,230.34000000000003,56.16,0.6139730125287486,0.054842767295597485,0.4315002874113815,0.4204576785221947,0.3366098376702831,0.4219644723092999,0.5235000000000001,0.2184873949579832
2012-09-29,100.0,-0.11363636363636365,4.605170185988092,0.5545920231213869,27.53333333333333,28.43333333333333,27.83333333333333,28.1125,28.100000000000005,28.100000000000005,28.029999999999994,28.1,29.03333333333333,28.43333333333333,28.8625,28.9,28.9,28.715000000000003,26.43333333333333,27.16666666666667,26.8,26.875,26.766666666666666,26.766666666666666,26.825,4.614285714285714,8.76,7.111111111111112,6.683333333333333,11.117647058823529,8.085245901639345,15.171428571428573,39.26,33.99999999999999,26.277777777777786,54.17647058823529,36.04590163934425,0.0,0.0,0.0,0.0,0.0,0.0,4.142857142857143,4.0,4.222222222222221,4.0,4.0588235294117645,4.065573770491803,39.0,-0.05488043694992939,0.3322144978176951,0.7970333333333334,414.0,36.15000000000001,231.0,243.85,174.95999999999995,288.55999999999995,171.12,70.98,0.665841066632356,0.07578616352201259,0.4426135274956887,0.448212480470545,0.3567990863855126,0.6030512016718912,0.3889090909090909,0.2761437908496732
2012-10-06,104.0,-0.10454545454545454,4.6443908991413725,0.5574387283236995,27.8,28.633333333333336,28.066666666666666,28.475,28.46666666666667,28.46666666666667,28.335000000000008,28.633333333333336,29.8,28.8,29.1875,29.2,29.2,29.14,26.8,27.633333333333336,27.36666666666667,27.5875,27.4,27.4,27.415000000000006,2.3142857142857136,4.769999999999999,1.3666666666666665,2.805555555555556,3.4117647058823533,3.027868852459016,9.94285714285714,18.43,6.344444444444445,13.211111111111114,15.505882352941176,13.318032786885245,0.0,0.0,0.0,0.0,0.023529411764705882,0.006557377049180328,1.4285714285714286,3.3,1.5555555555555556,1.9444444444444444,3.4705882352941178,2.4754098360655736,40.0,0.35731072172768563,0.6406102420803208,0.8000967741935484,385.5,23.49,232.65,155.04,153.0,288.4,215.4,152.04,0.6200041816105634,0.04924528301886793,0.4457750526920865,0.28497380755445273,0.3120156619626397,0.6027168234064786,0.4895454545454546,0.5915032679738561
2012-10-13,123.0,-0.06136363636363636,4.812184355372417,0.5602854335260121,27.066666666666666,27.96666666666667,27.66666666666667,27.8875,28.23333333333333,28.23333333333333,27.795,28.03333333333333,28.96666666666667,28.53333333333333,28.6125,28.86666666666667,28.86666666666667,28.605,25.93333333333333,26.766666666666666,26.433333333333334,26.8875,27.2,27.2,26.705,6.571428571428571,4.8100000000000005,6.099999999999999,3.4,2.3352941176470585,4.108333333333333,25.757142857142863,24.630000000000006,25.75555555555556,12.1,10.647058823529411,17.418333333333337,0.0,0.0,0.0,0.0,0.0,0.0,3.1428571428571432,2.3,2.0,2.8235294117647056,1.2352941176470589,2.2,41.0,-0.17768927827231096,-0.06938975791968005,0.8037096774193548,426.0,30.33,249.1,160.73999999999995,231.6,342.99999999999994,151.79999999999995,110.46,0.6851408076941634,0.06358490566037736,0.4772945008622341,0.2954507857733664,0.4723060608532506,0.7168234064785788,0.345,0.4297385620915032
2012-10-20,105.0,-0.10227272727272728,4.653960350157523,0.5631321387283235,26.53333333333333,27.16666666666667,26.96666666666667,27.225,27.3,27.3,27.085,27.53333333333333,28.200000000000006,27.8,28.0875,28.33333333333333,28.33333333333333,28.01500000000001,25.766666666666666,26.433333333333334,26.33333333333333,26.412499999999994,26.43333333333333,26.43333333333333,26.31,14.271428571428574,16.259999999999998,10.333333333333334,11.841176470588234,15.664705882352939,13.718333333333335,45.98571428571428,52.56,29.100000000000005,35.85882352941176,49.164705882352955,42.58,0.0,0.0,0.2,0.0,0.011764705882352941,0.03333333333333333,3.7142857142857135,4.4,5.4444444444444455,3.4117647058823533,4.529411764705882,4.233333333333333,42.0,-0.7676892782723037,-0.4643897579196796,0.8073225806451613,390.75,28.89,229.83,192.09,186.6,237.3,217.2,20.58,0.6284478183251041,0.060566037735849065,0.4403717187200613,0.35307416597739183,0.3805367485112978,0.4959247648902821,0.4936363636363636,0.08006535947712418
2012-10-27,84.0,-0.15,4.430816798843313,0.565978843930636,28.066666666666666,28.5,28.03333333333333,28.3625,28.5,28.5,28.31,29.23333333333333,29.4,29.03333333333333,29.375000000000004,29.433333333333334,29.433333333333334,29.315,26.03333333333333,26.433333333333334,26.0,26.2375,26.066666666666666,26.066666666666666,26.174999999999994,4.871428571428573,0.8099999999999999,1.3777777777777775,3.7470588235294113,2.982352941176471,2.8166666666666664,31.185714285714287,5.17,9.544444444444443,20.317647058823532,20.541176470588233,17.508333333333333,0.0,0.0,0.0,0.0,0.0,0.0,1.1428571428571428,1.3,1.1111111111111112,1.8823529411764703,1.1764705882352942,1.3833333333333333,43.0,0.5323107217276863,-0.5993897579196883,0.8109354838709677,402.06,37.44,221.59,186.98,179.04,275.92,204.54,68.46,0.6466378242758577,0.07849056603773584,0.4245832534968384,0.3436816469074533,0.3651195040378497,0.5766353187042843,0.4648636363636364,0.2663398692810457
2012-11-03,104.0,-0.10454545454545454,4.6443908991413725,0.5688256647398846,27.26666666666667,27.7,27.3,27.6125,27.73333333333333,27.73333333333333,27.545,28.93333333333333,29.2,28.73333333333333,29.2125,29.3,29.3,29.11,25.66666666666667,26.16666666666667,26.03333333333333,26.1625,25.83333333333333,25.83333333333333,26.020000000000003,4.871428571428571,9.639999999999997,3.488888888888889,10.3,11.411764705882351,8.87377049180328,21.128571428571426,44.35,13.166666666666664,52.58888888888888,56.423529411764704,42.88032786885247,0.0,0.0,0.0,0.0,0.0,0.0,3.2857142857142856,4.2,3.7777777777777777,3.7777777777777777,3.7058823529411766,3.7704918032786887,44.0,0.8981496944495078,-0.22637442076934636,0.8170999999999999,401.04,39.42,239.66000000000003,254.04,274.03000000000003,244.12,191.16,87.75,0.644997346285604,0.08264150943396227,0.4592067445870856,0.4669423766197959,0.5588343258014521,0.5101776384535005,0.4344545454545454,0.3413865546218487
2012-11-10,100.0,-0.11363636363636365,4.605170185988092,0.5716723699421961,26.566666666666666,27.1,27.0,27.0625,27.03333333333333,27.03333333333333,26.98,27.5,27.93333333333333,27.96666666666667,27.65,28.03333333333333,28.03333333333333,27.775,25.86666666666667,26.46666666666667,26.33333333333333,26.5375,26.433333333333334,26.433333333333334,26.38000000000001,11.414285714285713,13.51,9.344444444444443,9.34444444444444,15.799999999999995,12.063934426229515,27.42857142857143,37.29,30.4,31.172222222222228,47.62352941176471,36.21639344262296,0.05714285714285715,0.02,0.0,0.022222222222222227,0.011764705882352941,0.019672131147540985,5.285714285714286,4.3,3.333333333333333,3.9444444444444446,4.117647058823529,4.114754098360656,45.0,-0.4368503055504896,0.13362557923065665,0.8266666666666667,389.52,37.53,219.88,288.35,210.38,274.04,186.84,22.62,0.6264695948662689,0.07867924528301888,0.4213067637478443,0.5300064332322397,0.42903173178888976,0.5727063740856844,0.4246363636363637,0.08800186741363211
2012-11-17,88.0,-0.1409090909090909,4.477336814478207,0.5745190751445086,26.83333333333333,27.366666666666664,27.133333333333336,27.3625,27.366666666666664,27.366666666666664,27.25,27.83333333333333,28.43333333333333,27.933333333333334,28.575000000000006,28.46666666666667,28.46666666666667,28.33,26.0,26.5,26.466666666666665,26.524999999999995,26.43333333333333,26.43333333333333,26.42,17.642857142857142,12.22,7.033333333333332,16.52777777777778,13.011764705882356,13.568852459016393,59.85714285714285,47.94000000000001,23.566666666666666,65.35555555555554,40.85882352941176,48.877049180327866,0.0,0.08,0.0,0.0,0.0,0.013114754098360656,5.0,6.0,4.5555555555555545,4.722222222222221,5.764705882352941,5.229508196721312,46.0,0.11814969444951373,0.1736255792306487,0.8362333333333334,401.76,36.18,240.58,277.4,182.91,261.8,260.82000000000005,96.72,0.6461553307493124,0.07584905660377357,0.4609695343935619,0.5098796066538002,0.3730116648992577,0.5471264367816092,0.5927727272727273,0.3762838468720821
2012-11-24,100.0,-0.11363636363636365,4.605170185988092,0.5773657803468213,26.93333333333333,27.5,27.26666666666667,27.4875,27.566666666666666,27.566666666666666,27.385,27.866666666666664,28.43333333333333,27.93333333333333,28.1875,28.16666666666667,28.16666666666667,28.135,26.3,27.066666666666666,26.6,26.887500000000006,26.766666666666666,26.766666666666666,26.765,15.085714285714285,13.49,9.211111111111112,9.772222222222222,9.829411764705883,10.924590163934424,48.5,63.21,41.22222222222222,39.83888888888889,50.32941176470589,47.791803278688505,0.0,0.0,0.0,0.0,0.0,0.0,2.4285714285714284,2.7,3.2222222222222223,2.555555555555556,2.8235294117647056,2.737704918032787,47.0,-0.0768503055504901,0.5186255792306476,0.8458,362.88,39.24,220.8,197.83,334.3300000000001,243.44000000000003,228.42,145.47,0.5836241697090564,0.08226415094339623,0.4230695535543207,0.3636246668504733,0.6818052043396688,0.5087565308254964,0.5191363636363636,0.5659430438842203
2012-12-01,80.0,-0.1590909090909091,4.382026634673881,0.5802124855491327,26.73333333333333,27.43333333333333,27.26666666666667,27.55,27.700000000000006,27.700000000000006,27.39,27.399999999999995,28.16666666666667,28.1,28.2875,28.53333333333333,28.53333333333333,28.145000000000003,26.23333333333333,26.73333333333333,26.43333333333333,26.9875,27.0,27.0,26.755000000000006,10.471428571428572,8.32,4.455555555555555,4.699999999999998,8.235294117647058,6.904918032786886,39.41428571428571,37.69,22.711111111111112,23.855555555555554,41.588235294117645,32.681967213114746,1.042857142857143,0.0,0.0,0.0,0.0,0.11967213114754098,6.428571428571429,3.6,2.2222222222222223,2.555555555555556,2.4705882352941178,3.098360655737705,48.0,0.3293839768113145,0.9578655953219908,0.8545161290322579,396.89,14.76,217.88,245.48,343.64,256.1,242.00000000000003,10.920000000000002,0.6383228525017289,0.030943396226415093,0.41747461199463504,0.4512085286278835,0.7007912554041927,0.5352142110762801,0.55,0.04248366013071896
2012-12-08,78.0,-0.16363636363636366,4.356708826689592,0.5830591907514453,26.63333333333333,27.23333333333333,27.066666666666666,27.225,27.3,27.3,27.12500000000001,27.83333333333333,28.266666666666666,28.2,28.4,28.433333333333334,28.433333333333334,28.26999999999999,25.46666666666667,26.066666666666666,25.93333333333333,26.2375,26.16666666666667,26.16666666666667,26.040000000000006,16.357142857142858,11.16,10.144444444444442,11.766666666666666,10.894117647058824,11.711475409836071,62.471428571428575,48.290000000000006,46.23333333333333,41.066666666666656,42.24705882352941,45.79836065573772,0.08571428571428573,0.05,0.0,0.0,0.0,0.018032786885245903,5.142857142857143,4.9,3.333333333333333,4.222222222222221,3.7647058823529416,4.180327868852459,49.0,0.4543839768113038,0.2428655953219909,0.8581290322580645,405.41,17.700000000000006,244.40000000000003,250.92,303.88,261.3,197.45,61.040000000000006,0.6520256686556122,0.037106918238993716,0.468288944242192,0.4612076095947064,0.6197079696549473,0.5460815047021944,0.44875,0.2374727668845316
2012-12-15,105.0,-0.10227272727272728,4.653960350157523,0.5859058959537568,26.266666666666666,26.76666666666667,26.566666666666666,26.5,26.766666666666666,26.766666666666666,26.555,27.0,27.566666666666666,27.4,27.1375,27.399999999999995,27.399999999999995,27.26000000000001,25.23333333333333,25.566666666666666,25.566666666666666,25.825,25.566666666666666,25.566666666666666,25.62,11.900000000000002,15.929999999999998,16.700000000000006,19.43888888888889,14.341176470588234,16.173770491803285,37.94285714285714,46.66,53.53333333333333,50.03888888888889,30.788235294117648,43.247540983606555,0.21428571428571436,0.7499999999999999,0.16666666666666666,1.7000000000000002,2.5176470588235293,1.3754098360655738,6.428571428571429,6.9,6.5555555555555545,7.0,7.0,6.852459016393442,50.0,-0.5556160231886801,-0.17713440467801433,0.8617419354838709,405.41,15.12,222.56,202.64,314.53,169.0,208.45,25.480000000000004,0.6520256686556122,0.03169811320754717,0.426441847097145,0.3724657660141532,0.6414267069092094,0.35318704284221525,0.4737500000000001,0.0991285403050109
2012-12-22,94.0,-0.12727272727272726,4.543294782270004,0.5887526011560693,26.066666666666666,26.6,26.53333333333333,26.35,26.53333333333333,26.53333333333333,26.4,27.366666666666664,27.83333333333333,27.7,27.3625,27.7,27.7,27.535,25.066666666666666,25.5,25.433333333333334,25.4375,25.366666666666664,25.366666666666664,25.38,16.47142857142857,11.23,9.666666666666666,13.75,10.894117647058824,12.250819672131147,38.871428571428574,39.62000000000001,31.244444444444447,36.28333333333333,35.176470588235304,36.07540983606558,0.2857142857142857,0.04,0.4000000000000001,0.7166666666666666,0.15294117647058825,0.35245901639344257,5.428571428571429,4.8,5.666666666666668,6.166666666666668,4.941176470588236,5.442622950819672,51.0,-0.28061602318869205,-0.4171344046780128,0.8653548387096773,396.89,13.8,247.52,315.5200000000001,291.1,265.85,188.65000000000003,23.24,0.6383228525017289,0.028930817610062887,0.4742671009771986,0.5799466960757285,0.5936454849498328,0.5555903866248695,0.4287500000000001,0.09041394335511983
2012-12-29,112.0,-0.08636363636363636,4.718498871295094,0.5915994219653179,26.26666666666667,26.76666666666667,26.73333333333333,26.825000000000006,26.766666666666666,26.766666666666666,26.70999999999999,26.866666666666664,27.26666666666667,27.4,27.4125,27.366666666666664,27.366666666666664,27.3,24.93333333333333,25.366666666666664,25.36666666666667,25.475,25.366666666666664,25.366666666666664,25.344999999999995,4.614285714285714,2.41,1.8111111111111107,2.283333333333333,3.4176470588235297,2.818032786885245,17.1,8.279999999999998,5.877777777777778,10.344444444444443,10.976470588235298,10.298360655737703,0.0,0.0,0.0,0.0,0.0,0.0,3.1428571428571432,2.8,2.0,2.2777777777777777,2.764705882352941,2.557377049180328,52.0,-0.5156160231886879,-0.4521344046780165,0.8689677419354838,431.82000000000005,40.5,241.72000000000003,301.18,279.03,243.50000000000003,200.31000000000003,26.0,0.6945011821091401,0.08490566037735849,0.4631538608928914,0.5535888245565665,0.5690309160616689,0.5088819226750262,0.45525,0.10115157173980703
2013-01-05,134.0,-0.03636363636363636,4.897839799950911,0.59378612716763,26.566666666666666,27.0,26.83333333333333,27.0625,26.933333333333334,26.933333333333334,26.924999999999994,27.3,27.866666666666664,27.46666666666667,27.875,27.9,27.9,27.73000000000001,25.3,25.46666666666667,25.399999999999995,25.725,25.366666666666664,25.366666666666664,25.52,20.857142857142858,19.01,17.433333333333334,12.01666666666667,13.647058823529415,15.431147540983611,83.61428571428574,85.19,82.33333333333334,57.89999999999999,66.8,71.40983606557377,0.3,0.02,0.0,0.0,0.023529411764705882,0.044262295081967225,4.571428571428571,5.2,5.5555555555555545,4.9444444444444455,5.470588235294118,5.180327868852459,1.0,0.14291583511488426,-0.21554700003959226,0.8620967741935484,441.98,44.77,257.0400000000001,263.58,213.71,335.22,246.8400000000001,27.3,0.7108416295414703,0.0938574423480084,0.4925081433224756,0.48447752963882,0.43582266090219424,0.700564263322884,0.5610000000000002,0.10620915032679737
2013-01-12,205.0,0.125,5.3230099791384085,0.5957089017341043,27.6,27.9,27.566666666666666,27.8375,27.73333333333333,27.73333333333333,27.763157894736853,29.25,29.73333333333333,29.03333333333333,29.4,29.53333333333333,29.53333333333333,29.399999999999995,26.6,26.96666666666667,26.5,26.9625,26.866666666666664,26.866666666666664,26.836842105263155,6.9,5.040000000000001,5.855555555555554,3.7888888888888888,9.08125,6.067796610169491,28.899999999999995,22.35,29.144444444444453,19.538888888888884,38.1125,27.46949152542373,0.0,0.0,0.0,0.0,0.0,0.0,2.833333333333333,2.0,2.4444444444444446,3.7777777777777777,3.875,3.2033898305084745,2.0,1.812915835114872,1.1012951052235636,0.851032258064516,430.43,49.94000000000001,249.76000000000005,238.74,253.47,362.6,140.57999999999998,61.88,0.6922656287694807,0.10469601677148847,0.4785591109407933,0.43881996140060653,0.5169059466514397,0.7577847439916406,0.31949999999999995,0.24074074074074076
2013-01-19,219.0,0.15681818181818186,5.389071729816501,0.5976317919075145,26.5,26.7,26.7,26.9125,26.7,26.7,26.768421052631574,27.3,27.46666666666667,27.53333333333333,27.737500000000004,27.53333333333333,27.53333333333333,27.58421052631579,23.75,23.93333333333333,24.0,24.325,23.7,23.7,24.052631578947373,17.35,17.349999999999998,20.38888888888889,13.922222222222226,15.48125,16.261016949152538,61.30000000000001,58.40999999999999,63.76666666666668,53.67777777777778,56.7875,57.63728813559322,0.0,0.0,0.0,0.0,0.0,0.0,4.0,3.9,2.4444444444444446,3.1666666666666665,3.5625,3.3728813559322037,3.0,-0.0028736385693335365,-1.6829154210922221,0.8399677419354838,448.14,52.58,278.88000000000005,209.07,167.55999999999997,308.58,271.26,52.78,0.7207488299531981,0.11023060796645702,0.5343552404675225,0.3842845326716296,0.3417081328003915,0.6448902821316614,0.6164999999999999,0.20533769063180826
2013-01-26,267.0,0.2659090909090909,5.58724865840025,0.5995545664739886,26.6,26.73333333333333,26.633333333333336,26.9625,26.766666666666666,26.766666666666666,26.80526315789474,27.4,27.46666666666667,27.26666666666667,27.837499999999995,27.66666666666667,27.66666666666667,27.61578947368421,24.6,24.73333333333333,24.63333333333333,24.937500000000004,24.46666666666667,24.46666666666667,24.747368421052638,2.2,1.65,2.2,1.4888888888888887,1.1249999999999998,1.5983050847457632,10.1,6.19,10.111111111111109,6.183333333333334,3.9375,6.572881355932203,0.0,0.0,0.0,0.0,0.0,0.0,3.0,3.0,3.111111111111111,2.7777777777777777,3.0,2.949152542372881,4.0,0.028705308799089838,-0.9881785789869576,0.8289032258064516,411.95,56.75,285.72,304.75,156.2,398.18,257.1,68.82000000000001,0.6625440275342972,0.1189727463312369,0.5474611994634987,0.5601507214410439,0.3185414797291785,0.8321421107628004,0.5843181818181818,0.2677404295051354
2013-02-02,293.0,0.325,5.680172609017067,0.6014773410404629,27.73333333333333,27.66666666666667,27.6,27.875,27.83333333333333,27.83333333333333,27.775,28.16666666666667,28.4,28.23333333333333,28.4,28.46666666666667,28.46666666666667,28.35,27.4,27.266666666666666,27.16666666666667,27.35,27.5,27.5,27.34,0.0875,0.02,0.0,0.9611111111111108,0.15882352941176472,0.3370967741935484,0.4500000000000001,0.16,0.0,6.127777777777778,1.1058823529411763,2.166129032258065,0.0,0.0,0.0,0.0,0.0,0.0,0.625,0.2,0.0,1.1666666666666667,0.29411764705882354,0.532258064516129,5.0,0.5888405271199488,0.9958625010610264,0.8244285714285714,424.27,47.84,237.97000000000003,213.06,247.08,250.63,228.96,90.62,0.6823584283577528,0.10029350104821802,0.4559685763556237,0.3916184174248691,0.5038747042988824,0.5237826541274816,0.5203636363636364,0.3525521319638967
2013-02-09,322.0,0.3909090909090909,5.7745515455444085,0.6034001156069361,26.03333333333333,26.3,26.366666666666664,26.15,26.23333333333333,26.23333333333333,26.2,26.7,26.73333333333333,26.96666666666667,27.0875,26.866666666666664,26.866666666666664,26.925,25.53333333333333,25.766666666666666,25.73333333333333,25.65,25.633333333333336,25.633333333333336,25.660000000000004,22.1625,21.94,13.6,31.855555555555554,27.323529411764714,25.112903225806452,54.85,52.13,42.21111111111111,77.38333333333334,50.129411764705885,57.82419354838708,0.95,1.54,0.38888888888888895,0.6499999999999999,0.5058823529411764,0.7548387096774196,7.0,6.8,6.333333333333332,6.777777777777778,6.647058823529411,6.709677419354839,6.0,-0.8361594728800519,-0.6841374989389664,0.8364285714285714,417.34,41.86,221.54,192.29,223.65,281.16,216.72,98.44,0.6712128278945592,0.08775681341719077,0.4244874497030082,0.3534417792482309,0.4560934823395056,0.5875862068965516,0.4925454545454546,0.38297541238717697
2013-02-16,247.0,0.22045454545454546,5.5093883366279774,0.6053228901734102,25.43333333333333,25.76666666666667,25.8,25.725,25.73333333333333,25.73333333333333,25.7,26.66666666666667,27.0,26.9,26.887500000000006,27.0,27.0,26.89,24.566666666666666,24.83333333333333,24.83333333333333,24.7875,24.83333333333333,24.83333333333333,24.775,15.9625,16.869999999999994,19.64444444444445,12.98333333333333,18.6,16.501612903225812,48.5625,61.47000000000001,68.1,35.966666666666654,57.576470588235296,52.29516129032258,1.775,0.5599999999999999,0.4666666666666667,0.2555555555555556,0.7529411764705882,0.6677419354838713,7.0,6.4,6.111111111111112,6.111111111111112,6.647058823529411,6.419354838709677,7.0,-0.8711594728800556,-1.5691374989389717,0.8484285714285714,445.83,50.57000000000001,307.93000000000006,217.08000000000004,260.57,308.85,187.2,18.4,0.7170336297988003,0.10601677148846962,0.5900172446828894,0.3990074441687346,0.5313851048209478,0.6454545454545455,0.4254545454545455,0.07158418923124805
2013-02-23,296.0,0.33181818181818185,5.690359454324059,0.6072456647398844,26.633333333333336,26.93333333333333,26.66666666666667,26.95,26.9,26.9,26.85,27.866666666666664,28.266666666666666,28.0,28.1125,28.3,28.3,28.110000000000007,24.766666666666666,25.0,24.96666666666667,25.4125,25.23333333333333,25.23333333333333,25.160000000000004,1.975,3.08,2.533333333333333,3.3444444444444437,4.023529411764706,3.1935483870967745,9.5375,15.77,11.477777777777774,13.211111111111109,19.258823529411767,14.556451612903226,0.0,0.0,0.0,0.0,0.0,0.0,3.625,3.9,3.111111111111111,3.7222222222222223,2.588235294117647,3.338709677419355,8.0,0.3488405271199504,-1.1841374989389664,0.8604285714285714,408.16,39.03000000000001,244.92000000000004,253.56,200.27,259.46,245.6,46.46,0.6564485259822764,0.0818238993710692,0.4692853036980265,0.4660601047697822,0.408414226282731,0.5422361546499477,0.5581818181818181,0.1807500778089013
2013-03-02,249.0,0.225,5.5174528964647065,0.6091685549132946,27.5,27.73333333333333,27.4,27.875,27.8,27.8,27.715000000000003,28.133333333333336,28.33333333333333,28.266666666666666,28.6625,28.43333333333333,28.43333333333333,28.440000000000005,26.86666666666667,27.03333333333333,26.73333333333333,27.05,26.9,26.9,26.95000000000001,17.7625,19.9,11.944444444444445,5.8500000000000005,7.129411764705884,10.888709677419355,58.05,77.77,38.51111111111111,28.572222222222226,27.352941176470583,41.41935483870968,0.0,0.0,0.0,0.0,0.0,0.0,4.125,3.7,4.111111111111111,2.6666666666666665,2.4705882352941178,3.177419354838709,9.0,0.05092509407421275,0.2648460824425669,0.8648064516129033,475.8,38.22000000000001,261.36,293.36,191.76,249.12,268.0,60.72,0.7652347331006643,0.08012578616352202,0.5007855911094079,0.5392151456667587,0.3910596296598417,0.5206269592476489,0.6090909090909091,0.2362278244631185
2013-03-09,273.0,0.2795454545454545,5.609471795184961,0.6110913294797687,27.8,27.93333333333333,27.9,28.0,28.0,28.0,27.945000000000004,28.1,28.33333333333333,28.26666666666667,28.4875,28.3,28.3,28.345,27.366666666666664,27.43333333333333,27.600000000000005,27.250000000000004,27.46666666666667,27.46666666666667,27.380000000000006,1.2375,1.03,0.4888888888888889,7.7444444444444445,3.73529411764706,3.669354838709678,7.074999999999998,6.24,2.9333333333333336,42.20555555555555,23.976470588235298,21.17258064516129,0.0,0.0,0.0,0.0,0.0,0.0,1.5,1.7,1.2222222222222223,2.833333333333333,1.9411764705882355,2.0,10.0,-0.04407490592579322,0.6948460824425631,0.8501290322580646,451.62,34.580000000000005,272.16,345.7999999999999,106.08,269.28,277.6,32.34,0.7263457548611223,0.07249475890985325,0.5214792105767388,0.6356033452807646,0.21633085896076354,0.5627586206896551,0.6309090909090909,0.12581699346405228
2013-03-16,308.0,0.3590909090909091,5.730099782973574,0.6130141040462429,27.76666666666667,27.96666666666667,27.866666666666664,28.075,27.96666666666667,27.96666666666667,27.965,28.566666666666666,28.73333333333333,28.4,28.725,28.53333333333333,28.53333333333333,28.624999999999996,27.03333333333333,27.23333333333333,27.366666666666664,27.450000000000006,27.5,27.5,27.35,6.6375,6.510000000000002,2.266666666666667,9.027777777777779,4.752941176470588,6.159677419354838,29.5125,30.34,11.855555555555556,33.43888888888889,24.55294117647059,26.862903225806452,0.0,0.0,0.0,0.0,0.0,0.0,1.875,1.8,1.3333333333333333,1.8888888888888888,1.9411764705882355,1.8064516129032255,11.0,0.2359250940742008,0.6648460824425619,0.8354516129032258,443.82,33.74000000000001,294.8400000000001,365.56000000000006,138.21,265.68,206.4,43.56,0.7138009231709475,0.0707337526205451,0.5649358114581337,0.6719235364396656,0.28185414797291786,0.5552351097178684,0.4690909090909091,0.16946778711484595
2013-03-23,307.0,0.3568181818181818,5.726847747587197,0.6149368786127172,28.23333333333333,28.53333333333333,28.2,28.5875,28.6,28.6,28.46999999999999,28.96666666666667,29.266666666666666,28.766666666666666,29.35,29.133333333333336,29.133333333333336,29.160000000000004,26.966666666666665,27.3,27.3,27.5625,27.66666666666667,27.66666666666667,27.41,5.9,4.8199999999999985,2.4222222222222225,5.322222222222223,4.935294117647058,4.788709677419353,26.1625,23.55,13.733333333333334,19.266666666666666,23.54117647058824,21.216129032258067,0.0,0.0,0.0,0.0,0.0,0.0,2.625,1.6,1.1111111111111112,2.1111111111111107,1.7058823529411764,1.8387096774193548,12.0,0.7709250940742116,0.7248460824425571,0.8207741935483871,474.24000000000007,43.68,285.66,300.2,118.83,216.72,156.00000000000003,67.98,0.7627257667626294,0.09157232704402517,0.5473462349109024,0.5517875195294549,0.2423321641243168,0.4529153605015674,0.3545454545454546,0.26447245564892624
2013-03-30,316.0,0.3772727272727273,5.755742213586912,0.6168596531791903,27.933333333333334,28.600000000000005,28.4,28.5125,28.766666666666666,28.766666666666666,28.46,28.8,29.266666666666666,28.9,29.050000000000004,29.133333333333336,29.133333333333336,29.035000000000004,27.4,28.133333333333336,27.9,28.000000000000004,28.066666666666666,28.066666666666666,27.925,18.0875,7.689999999999999,3.1,10.277777777777775,4.829411764705882,8.332258064516129,60.825,23.99,13.111111111111109,32.611111111111114,18.77647058823529,28.237096774193553,0.0,0.12,0.0,0.1888888888888889,0.011764705882352941,0.07741935483870968,3.125,4.7,2.555555555555556,3.611111111111111,3.117647058823529,3.4354838709677415,13.0,0.6459250940742116,1.2398460824425612,0.8060967741935484,436.23,54.56,273.06,236.82,265.96,228.75000000000009,198.65,76.93,0.7015938369493543,0.11438155136268345,0.523203678865683,0.43529087400055133,0.5423770291214617,0.4780564263322885,0.4514772727272727,0.29929193899782136
2013-04-06,406.0,0.5818181818181818,6.0063531596017325,0.6187825433526016,27.866666666666664,28.66666666666667,28.366666666666664,28.4125,28.7,28.7,28.405,28.73333333333333,29.633333333333336,29.1,29.012500000000006,29.33333333333333,29.33333333333333,29.125,27.23333333333333,27.83333333333333,27.6,27.75,27.700000000000006,27.700000000000006,27.655,9.3,9.21,6.311111111111113,13.122222222222224,9.18235294117647,9.929032258064519,26.7,35.39,21.922222222222217,36.43333333333333,35.96470588235294,32.77419354838709,0.075,0.0,0.04444444444444445,1.1555555555555554,0.05882352941176471,0.36774193548387096,5.0,4.5,4.4444444444444455,6.5555555555555545,3.7647058823529416,4.951612903225806,14.0,0.34307584528334806,0.7626435988512306,0.8086,439.83,92.07,275.11,312.0,299.52,217.75000000000009,249.0,98.49,0.7073837592678965,0.19301886792452835,0.5271316344127227,0.5734767025089607,0.6108165429480381,0.4550679205851621,0.5659090909090909,0.3831699346405229
2013-04-13,492.0,0.7772727272727272,6.198478716492307,0.6207053179190747,28.266666666666666,28.73333333333333,28.366666666666664,28.4625,28.53333333333333,28.53333333333333,28.47,29.266666666666666,29.53333333333333,28.8,29.500000000000004,29.66666666666667,29.66666666666667,29.39,27.3,27.76666666666667,27.5,27.8,27.66666666666667,27.66666666666667,27.655,2.2125,4.2799999999999985,3.911111111111112,3.1500000000000004,5.18235294117647,3.879032258064515,9.6875,22.91,25.555555555555554,13.611111111111109,19.47058823529412,17.945161290322577,0.0,0.0,0.0,0.0,0.0,0.0,1.0,1.2,1.3333333333333333,1.8888888888888888,2.294117647058824,1.6935483870967742,15.0,0.608075845283345,0.7626435988512306,0.8139666666666667,431.73,112.53,295.24,297.17999999999995,204.8,198.32,261.75,103.39,0.6943564340511765,0.23591194968553456,0.5657022418087756,0.5462365591397849,0.4176523370584877,0.4144618599791014,0.5948863636363636,0.4022331154684096
2013-04-20,509.0,0.8159090909090909,6.2324480165505225,0.622628092485549,28.5,28.9,28.33333333333333,28.7875,28.7,28.7,28.68,29.866666666666664,30.53333333333333,29.8,30.125,30.1,30.1,30.09500000000001,26.03333333333333,26.23333333333333,25.9,27.025,26.633333333333336,26.633333333333336,26.53,1.9250000000000005,6.85,5.166666666666667,5.077777777777778,9.158823529411766,6.088709677419355,8.5,40.71,29.62222222222222,23.13333333333333,52.15294117647058,32.979032258064514,0.0,0.0,0.0,0.0,0.0,0.0,3.0,4.1,4.4444444444444455,3.9444444444444446,3.8235294117647056,3.887096774193549,16.0,1.313075845283354,-0.36235640114876944,0.8193333333333334,444.69000000000005,121.11,332.4500000000001,315.12,261.76,178.22,240.0,99.47,0.7152001543979286,0.2538993710691824,0.6369994251772371,0.5792114695340502,0.5338118933028795,0.3724555903866249,0.5454545454545454,0.38698257080610016
2013-04-27,538.0,0.8818181818181818,6.2878585601617845,0.6245508670520231,27.2,28.23333333333333,27.866666666666664,28.087499999999995,28.23333333333333,28.23333333333333,27.965000000000003,27.66666666666667,29.100000000000005,28.600000000000005,28.9125,29.1,29.1,28.735000000000007,26.0,27.0,26.8,27.0375,27.1,27.1,26.85,15.0375,7.239999999999998,5.655555555555555,11.9,8.63529411764706,9.751612903225805,39.6625,24.61,16.04444444444444,42.6888888888889,28.588235294117645,31.648387096774197,0.25,0.0,0.0,0.0,0.0,0.03225806451612903,6.125,3.5,4.111111111111111,3.1666666666666665,3.4117647058823533,3.806451612903226,17.0,-0.04692415471664901,-0.04235640114876915,0.8247,485.62,117.06,331.24,292.4,305.28,278.01000000000005,250.7,55.08,0.7810283545362433,0.2454088050314465,0.6346809733665453,0.537450601966731,0.6225630149278081,0.5810031347962383,0.5697727272727273,0.21428571428571427
2013-05-04,547.0,0.9022727272727272,6.304448802421981,0.6264736416184973,27.63333333333333,28.46666666666667,28.1,28.375,28.5,28.5,28.255000000000006,28.73333333333333,29.46666666666667,29.03333333333333,29.3,29.433333333333334,29.433333333333334,29.21999999999999,25.66666666666667,26.46666666666667,26.399999999999995,26.6125,26.633333333333336,26.633333333333336,26.420000000000005,6.612500000000002,5.38,8.355555555555558,4.51111111111111,2.3352941176470585,4.883870967741936,25.8,23.65,44.022222222222226,21.72777777777777,12.258823529411767,23.203225806451613,0.0,0.0,0.0,0.0,0.0,0.0,3.25,2.5,2.1111111111111107,2.3888888888888893,2.647058823529412,2.548387096774193,18.0,-0.14163992818032156,-0.9254380683509568,0.8275161290322579,510.84999999999985,78.0,282.21,306.72,196.48,366.32,303.45,78.53999999999998,0.8216060601186933,0.16352201257861634,0.540735773136616,0.5637717121588091,0.4006852108654865,0.7655590386624868,0.6896590909090908,0.3055555555555555
2013-05-11,558.0,0.9272727272727272,6.324358962381312,0.6283965317919075,27.366666666666664,28.0,27.633333333333336,28.1625,28.2,28.2,27.945,27.96666666666667,28.6,28.16666666666667,28.775,28.8,28.8,28.54,26.6,27.366666666666664,27.1,27.4625,27.53333333333333,27.53333333333333,27.275,13.825,16.869999999999994,8.11111111111111,6.211111111111113,8.082352941176469,9.701612903225808,60.45,64.41999999999999,32.21111111111111,23.32222222222222,40.23529411764706,40.66935483870968,0.1,0.08,0.04444444444444445,0.022222222222222227,0.0,0.03870967741935484,6.0,6.3,5.0,4.055555555555555,3.647058823529412,4.693548387096773,19.0,-0.8216399281803142,-0.07043806835096332,0.8284193548387097,489.60000000000014,87.36,305.67,304.59,224.0,271.32,374.0,76.84,0.7874294353217429,0.1831446540880503,0.5856869132017626,0.5598566308243728,0.4568072436577209,0.5670219435736678,0.85,0.2989417989417989
2013-05-18,611.0,1.0477272727272726,6.4150969591715965,0.6303193063583817,28.73333333333333,29.36666666666667,28.600000000000005,29.325,29.3,29.3,29.130000000000006,30.366666666666664,30.7,29.7,30.525,30.366666666666664,30.366666666666664,30.379999999999995,27.133333333333336,27.5,27.1,27.6125,27.399999999999995,27.399999999999995,27.415,4.375,7.069999999999999,4.8,5.716666666666668,4.441176470588236,5.279032258064518,22.15,29.86,27.45555555555555,32.94444444444444,26.976470588235287,28.62096774193548,0.0,0.0,0.0,0.0,0.0,0.0,3.125,2.8,2.4444444444444446,2.555555555555556,2.0,2.5,20.0,1.018360071819682,0.06956193164903722,0.8293225806451613,493.85,89.7,287.04,338.67,257.28,297.92,289.0,95.20000000000002,0.7942647602811329,0.1880503144654088,0.5499904196206168,0.6224979321753515,0.524675748429725,0.6226123301985371,0.6568181818181819,0.3703703703703704
2013-05-25,640.0,1.1136363636363635,6.461468176353718,0.6322420809248559,27.633333333333336,28.66666666666667,28.26666666666667,28.775,28.9,28.9,28.53,28.8,29.9,29.03333333333333,29.5375,29.7,29.7,29.43,26.266666666666666,27.133333333333336,27.266666666666666,27.412500000000005,27.7,27.7,27.22000000000001,7.4,5.340000000000002,1.9111111111111108,4.377777777777776,2.152941176470588,3.95483870967742,29.05,24.85,10.233333333333333,23.144444444444453,11.258823529411767,19.048387096774192,0.0,0.0,0.0,0.0,0.0,0.0,4.125,3.9,1.5555555555555556,2.1111111111111107,1.8823529411764703,2.5161290322580645,21.0,0.0683600718196864,-0.12543806835095594,0.8302258064516128,501.5,125.97,327.75,293.93999999999994,262.40000000000003,292.6,320.45,29.58,0.8065683452080351,0.2640880503144654,0.6279938685571947,0.5402812241521918,0.5351170568561874,0.6114942528735633,0.7282954545454545,0.11507936507936507
2013-06-01,746.0,1.3545454545454545,6.6147256002037595,0.6341648554913291,27.366666666666664,28.03333333333333,27.366666666666664,28.275,28.066666666666666,28.066666666666666,27.934999999999995,27.933333333333334,29.1,28.33333333333333,29.05,29.03333333333333,29.03333333333333,28.779999999999994,26.83333333333333,27.4,26.7,27.4,27.366666666666664,27.366666666666664,27.205,8.675,6.8900000000000015,6.911111111111111,1.05,4.623529411764705,4.806451612903227,43.675,35.48,32.03333333333333,5.005555555555556,23.435294117647057,23.887096774193555,0.0,0.0,0.0,0.0,0.0,0.0,3.5,3.6,3.2222222222222223,2.2222222222222223,1.9411764705882355,2.677419354838709,22.0,-0.4215296502751365,0.15064649170819774,0.8281666666666666,412.68,228.66,450.5,295.65,196.52,243.39,265.98,30.72,0.6637180951155572,0.4793710691823898,0.8631921824104233,0.543424317617866,0.4007667835875683,0.5086520376175548,0.6045,0.11951447245564893
2013-06-08,814.0,1.509090909090909,6.701960366002541,0.6360876300578032,27.8,28.3,27.766666666666666,28.8125,28.5,28.5,28.380000000000006,28.73333333333333,29.26666666666667,28.4,29.45,29.0,29.0,29.09000000000001,26.76666666666667,27.3,27.0,27.875,27.633333333333336,27.633333333333336,27.454999999999995,9.575,16.04,9.177777777777775,8.166666666666666,6.529411764705883,9.316129032258065,31.6875,50.23,29.54444444444445,36.97222222222223,24.905882352941173,34.041935483870965,0.1,0.0,0.0,0.04444444444444445,0.023529411764705882,0.03225806451612903,6.0,4.2,3.888888888888889,3.611111111111111,3.941176470588236,4.145161290322581,23.0,-0.11152965027511996,0.40064649170819067,0.8083333333333332,421.04,407.0,521.9000000000002,297.84,229.84,237.29,219.96,43.2,0.6771635813886164,0.8532494758909852,1.0,0.5474496829335539,0.4687168610816542,0.4959038662486938,0.4999090909090909,0.1680672268907563
2013-06-15,809.0,1.4977272727272728,6.695798917058491,0.6380105202312134,28.96666666666667,29.966666666666665,29.1,29.662500000000005,29.5,29.5,29.494999999999994,29.600000000000005,30.9,29.8,30.325000000000006,30.3,30.3,30.21999999999999,27.53333333333333,28.133333333333336,27.53333333333333,28.225,27.8,27.8,27.94,0.2625,1.89,2.5222222222222217,1.3611111111111112,2.4823529411764707,1.780645161290323,1.875,8.87,13.877777777777776,8.5,13.576470588235296,9.877419354838713,0.0,0.0,0.0,0.0,0.0,0.0,0.75,2.0,2.0,1.8333333333333333,2.117647058823529,1.8225806451612905,24.0,1.0184703497248613,0.8856464917081937,0.7885,358.72,297.48,413.1,348.21,170.68,159.82,138.06,71.28,0.5769335928076299,0.6236477987421384,0.791530944625407,0.6400330851943755,0.3480708051227669,0.3340020898641588,0.3137727272727273,0.27731092436974786
2013-06-22,842.0,1.5727272727272728,6.735780014242327,0.6399332947976877,29.23333333333333,30.6,29.566666666666666,30.1875,30.266666666666666,30.266666666666666,30.025,29.73333333333333,31.133333333333336,30.03333333333333,30.6375,30.73333333333333,30.73333333333333,30.5,28.46666666666667,29.66666666666667,28.83333333333333,29.65,29.53333333333333,29.53333333333333,29.335,0.6125000000000002,0.33,0.9888888888888888,0.5777777777777778,1.2764705882352942,0.7935483870967741,4.1625,2.38,6.911111111111111,4.072222222222223,8.952941176470588,5.5612903225806445,0.0,0.0,0.0,0.0,0.0,0.0,1.125,0.8,1.2222222222222223,0.8888888888888888,1.0588235294117647,1.0,25.0,1.2984703497248695,2.280646491708193,0.7686666666666666,376.96,168.72,322.99999999999994,319.74,163.88000000000005,247.66,204.36,16.08,0.6062691992215771,0.35371069182389936,0.6188925081433223,0.5877033360904329,0.3342034423688719,0.5175757575757576,0.4644545454545454,0.06255835667600372
2013-06-29,806.0,1.490909090909091,6.692083742506628,0.6418560693641618,28.73333333333333,29.7,28.76666666666667,29.175,29.46666666666667,29.46666666666667,29.170000000000005,30.133333333333336,31.03333333333333,29.93333333333333,30.4875,30.33333333333333,30.33333333333333,30.41,27.03333333333333,28.066666666666666,27.46666666666667,27.5875,28.2,28.2,27.65000000000001,1.8625,3.96,2.5777777777777784,6.0777777777777775,3.2823529411764705,3.917741935483872,10.325,18.41,13.211111111111109,26.16666666666667,15.564705882352946,18.083870967741934,0.0,0.0,0.0,0.0,0.0,0.0,1.75,1.9,1.5555555555555556,2.1111111111111107,1.9411764705882355,1.903225806451613,26.0,1.208470349724866,0.5956464917082016,0.7488333333333332,436.18,170.06000000000003,302.26,293.48,239.07,143.06,285.57,110.08,0.7015134213615967,0.3565199161425577,0.5791530944625406,0.5394357136292621,0.4875397667020149,0.29897596656217346,0.6490227272727273,0.4282601929660753
2013-07-06,678.0,1.2,6.519147287940394,0.643778843930636,27.4,28.3,27.633333333333336,28.075,28.133333333333336,28.133333333333336,27.95,28.66666666666667,29.33333333333333,28.766666666666666,28.9875,29.03333333333333,29.03333333333333,28.965,26.566666666666666,27.433333333333334,26.866666666666664,27.3375,27.200000000000006,27.200000000000006,27.145000000000003,1.9625,1.63,4.166666666666667,3.0722222222222224,3.1529411764705877,2.8774193548387093,8.9375,8.7,18.511111111111113,17.338888888888885,12.858823529411767,13.803225806451616,0.0,0.0,0.0,0.0,0.0,0.0,1.625,1.0,1.6666666666666667,1.2777777777777777,1.6470588235294117,1.435483870967742,27.0,0.09807644985518138,0.2967895472045932,0.7562580645161291,438.7,152.96,320.74,313.88,225.07,216.24,354.75,122.2,0.7055663669845763,0.3206708595387841,0.6145621766621957,0.5769322672548479,0.4589893139734073,0.4519122257053292,0.80625,0.47541238717709294
2013-07-13,541.0,0.8886363636363637,6.293419278846482,0.6457016184971103,27.53333333333333,28.2,27.633333333333336,28.125,28.0,28.0,27.954999999999995,29.0,29.73333333333333,29.03333333333333,29.325000000000006,29.3,29.3,29.29,26.1,26.46666666666667,26.16666666666667,26.75,26.266666666666666,26.266666666666666,26.45,5.4125,10.89,7.0555555555555545,6.183333333333334,11.294117647058822,8.370967741935484,26.950000000000006,36.36,25.177777777777774,26.155555555555555,50.70588235294117,34.493548387096766,0.0,0.0,0.0,0.0,0.0,0.0,2.0,2.6,2.7777777777777777,2.2222222222222223,2.4705882352941178,2.4032258064516134,28.0,0.4230764498551842,-0.3982104527954107,0.7682258064516129,455.92,145.28,288.26,274.36,157.62,180.2,322.5,75.66999999999999,0.73326149540827,0.30457023060796645,0.5523280321900746,0.5042918849370462,0.3214373113630802,0.3765935214211077,0.7329545454545454,0.29438997821350754
2013-07-20,390.0,0.5454545454545454,5.966146739123692,0.6476245086705205,27.133333333333336,27.8,27.23333333333333,27.775,27.633333333333336,27.633333333333336,27.58,28.566666666666666,29.33333333333333,28.43333333333333,28.899999999999995,28.76666666666667,28.76666666666667,28.82500000000001,26.1,26.73333333333333,26.33333333333333,26.937500000000004,26.66666666666667,26.66666666666667,26.649999999999995,1.0125,5.76,4.866666666666667,2.055555555555556,2.488235294117647,3.0451612903225804,4.075,29.629999999999995,19.022222222222226,11.377777777777776,12.658823529411766,14.84032258064516,0.0,0.0,0.0,0.0,0.0,0.0,3.25,3.1,3.2222222222222223,1.7777777777777777,2.117647058823529,2.4838709677419355,29.0,-0.04192355014480853,-0.19821045279541494,0.7801935483870968,417.38,123.20000000000002,245.33999999999997,316.92,235.72,173.40000000000003,279.0,101.99,0.671277160364765,0.25828092243186584,0.4700900555662002,0.5825199889716018,0.4807080512276694,0.3623824451410659,0.6340909090909089,0.3967864923747276
2013-07-27,306.0,0.3545454545454545,5.723585101952382,0.6495472832369946,27.866666666666664,28.600000000000005,27.866666666666664,28.5375,28.53333333333333,28.53333333333333,28.34499999999999,29.266666666666666,29.9,29.16666666666667,29.625,29.66666666666667,29.66666666666667,29.55,25.33333333333333,25.866666666666664,25.46666666666667,26.225,26.133333333333336,26.133333333333336,25.910000000000004,1.35,2.38,6.388888888888888,0.8444444444444444,2.4705882352941178,2.408064516129032,9.1,12.19,35.66666666666667,5.438888888888887,14.305882352941177,13.819354838709678,0.0,0.0,0.0,0.0,0.0,0.0,1.75,2.2,2.0,1.7222222222222223,1.5294117647058822,1.7903225806451613,30.0,0.6830764498551858,-0.9382104527954064,0.7921612903225806,471.88000000000005,102.49,279.94,383.04,253.82,152.74,292.61,141.11,0.7589301510204739,0.21486373165618447,0.5363862808967235,0.7040529363110009,0.5176197079696551,0.3192058516196448,0.6650227272727272,0.5489807033924681
2013-08-03,289.0,0.3159090909090909,5.666426688112433,0.6514700578034678,27.5,28.266666666666666,27.66666666666667,28.0875,28.066666666666666,28.066666666666666,27.96,28.766666666666666,29.53333333333333,28.83333333333333,29.112500000000004,29.03333333333333,29.03333333333333,29.069999999999997,26.7,27.366666666666664,26.83333333333333,27.4125,27.16666666666667,27.16666666666667,27.175,4.387499999999998,6.13,4.566666666666666,1.7777777777777777,2.8352941176470585,3.5112903225806456,15.0625,23.04,20.62222222222222,9.461111111111112,11.952941176470587,14.67741935483871,0.0,0.0,0.0,0.0,0.0,0.0,2.875,2.4,2.1111111111111107,2.3888888888888893,2.411764705882353,2.419354838709677,31.0,0.319341642458415,0.35934148819017153,0.7981290322580645,480.24,102.58,218.5,305.5200000000001,171.74,227.92,231.19,24.6,0.772375637293533,0.21505241090146754,0.4186625790381298,0.5615660325337746,0.35023248225793296,0.4763218390804598,0.5254318181818182,0.0957049486461251
2013-08-10,256.0,0.2409090909090909,5.545177444479562,0.653392832369942,27.43333333333333,28.066666666666666,27.366666666666664,27.8375,27.7,27.7,27.72000000000001,28.3,28.933333333333334,28.1,28.5875,28.43333333333333,28.43333333333333,28.5,26.633333333333336,27.16666666666667,26.6,26.8125,26.7,26.7,26.79,8.2375,12.22,13.655555555555555,10.644444444444446,11.723529411764707,11.320967741935485,27.6,36.27,42.555555555555564,32.95555555555555,43.647058823529406,37.124193548387105,0.025,0.1,0.1888888888888889,0.07777777777777778,0.21176470588235294,0.12741935483870975,4.625,5.7,6.5555555555555545,4.833333333333333,6.411764705882352,5.629032258064517,32.0,-0.25065835754157817,-0.02565851180983003,0.7960967741935484,517.0400000000002,127.88,180.5,320.72,128.96,94.72,172.63,97.99,0.8315615098830759,0.2680922431865828,0.34585169572715074,0.5895046411175444,0.26299045599151644,0.19795193312434686,0.3923409090909091,0.38122471210706504
2013-08-17,378.0,0.5181818181818182,5.934894195619588,0.6553156069364162,27.16666666666667,27.866666666666664,27.433333333333334,27.5875,27.633333333333336,27.633333333333336,27.55,28.3,28.9,28.33333333333333,28.6,28.73333333333333,28.73333333333333,28.579999999999995,26.2,26.76666666666667,26.4,26.65,26.43333333333333,26.43333333333333,26.53,5.0375,5.48,5.033333333333333,6.0555555555555545,6.770588235294117,5.879032258064518,18.075,20.75,16.911111111111108,22.011111111111113,25.517647058823535,21.520967741935486,0.0,0.0,0.0,0.0,0.0,0.0,4.0,4.0,4.0,4.0,4.0,4.0,33.0,-0.17065835754158346,-0.28565851180982804,0.7940645161290323,475.64,81.88000000000002,225.0,279.68,181.66000000000003,161.32,225.7,120.13,0.7649774032198401,0.17165618448637318,0.4311170722360605,0.5140703979413658,0.3704625173342035,0.3371368861024033,0.5129545454545454,0.4673591658885776
2013-08-24,341.0,0.4340909090909091,5.831882477283517,0.6572383815028904,27.866666666666664,28.73333333333333,28.1,28.4375,28.566666666666666,28.566666666666666,28.365,28.866666666666664,29.46666666666667,28.8,29.08750000000001,29.133333333333336,29.133333333333336,29.075,26.6,27.566666666666666,26.8,27.675,27.83333333333333,27.83333333333333,27.390000000000004,2.975,1.26,1.0333333333333332,1.1833333333333338,0.4117647058823529,1.1935483870967742,13.725,7.760000000000002,5.955555555555557,7.861111111111112,2.776470588235294,6.930645161290323,0.0,0.0,0.0,0.0,0.0,0.0,1.75,1.1,1.5555555555555556,1.0,0.7647058823529411,1.1290322580645162,34.0,0.3243416424584176,0.5743414881901749,0.7920322580645162,444.36,81.42,217.0,360.24,138.26,151.70000000000005,255.59,151.29,0.7146694115187289,0.17069182389937107,0.4157884652232228,0.6621450234353461,0.28195611387552,0.3170323928944619,0.5808863636363636,0.5885854341736694
2013-08-31,386.0,0.5363636363636364,5.955837369464831,0.6591612716763006,27.73333333333333,28.46666666666667,28.03333333333333,28.2125,28.4,28.4,28.18,29.16666666666667,29.4,28.73333333333333,29.1375,29.066666666666666,29.066666666666666,29.110000000000007,26.4,27.566666666666666,27.33333333333333,27.375,27.73333333333333,27.73333333333333,27.305,4.6625000000000005,6.159999999999998,1.8555555555555556,3.65,4.876470588235295,4.261290322580646,19.375,26.3,11.02222222222222,19.272222222222226,27.705882352941174,21.533870967741933,0.0,0.0,0.0,0.0,0.0,0.0,2.875,2.7,1.1111111111111112,1.7222222222222223,1.9411764705882355,2.0,35.0,0.3593416424584248,0.48934148819016704,0.79,439.64,71.31,209.6,282.43,199.14,196.8,147.53,39.88,0.7070781800344179,0.14949685534591195,0.4016095037363479,0.5191250804154031,0.406109796883922,0.41128526645768027,0.33529545454545456,0.1551509492685963
2013-09-07,452.0,0.6863636363636364,6.113682179832232,0.6610840462427748,26.1,26.73333333333333,26.53333333333333,26.825,26.7,26.7,26.640000000000004,27.133333333333336,28.100000000000005,27.73333333333333,27.725,28.23333333333333,28.23333333333333,27.77,25.3,25.73333333333333,25.43333333333333,26.0875,25.6,25.6,25.745,17.925,26.500000000000004,15.366666666666667,19.377777777777773,29.629411764705885,22.503278688524603,48.875,70.25555555555556,46.46666666666666,47.31111111111111,75.25882352941177,58.56557377049181,0.375,0.3111111111111111,0.1111111111111111,0.7111111111111109,1.811764705882353,0.8262295081967213,6.375,5.888888888888888,5.888888888888888,6.5,6.294117647058822,6.245901639344263,36.0,-0.9998804369499332,-0.7477855021823068,0.7953666666666667,448.56,94.24,253.55,244.5,157.62,154.44,226.38000000000005,84.24,0.7214243208903615,0.19756813417190774,0.4858210385131251,0.449407223600772,0.3214373113630802,0.3227586206896552,0.5145000000000001,0.32773109243697474
2013-09-14,339.0,0.42954545454545456,5.82600010738045,0.6630068208092491,27.066666666666666,27.566666666666666,27.16666666666667,27.5375,27.46666666666667,27.46666666666667,27.404999999999994,28.33333333333333,28.96666666666667,28.566666666666666,28.712499999999995,28.66666666666667,28.66666666666667,28.665000000000006,25.46666666666667,25.766666666666666,25.566666666666666,26.2125,25.96666666666667,25.96666666666667,25.90000000000001,4.35,3.06,5.01111111111111,7.6,6.011764705882353,5.637096774193548,17.825,13.8,21.922222222222228,25.41111111111111,26.564705882352943,22.369354838709683,0.0,0.0,0.022222222222222227,0.0,0.0,0.0032258064516129032,3.875,3.0,3.888888888888889,3.9444444444444446,3.294117647058824,3.5967741935483866,37.0,-0.1048804369499301,-0.5927855021822985,0.8007333333333334,438.48,88.35,268.95,286.5,243.46,288.42,209.88,92.88,0.7052125383984431,0.1852201257861635,0.5153286070128376,0.5266060104769783,0.4964923729504853,0.6027586206896552,0.477,0.36134453781512604
2013-09-21,376.0,0.5136363636363637,5.929589143389895,0.6649295953757222,27.73333333333333,28.46666666666667,27.8,28.1,28.23333333333333,28.23333333333333,28.075,29.066666666666666,29.66666666666667,28.933333333333334,29.1,29.2,29.2,29.170000000000005,25.03333333333333,25.96666666666667,25.73333333333333,25.9375,26.1,26.1,25.8,3.625,3.2444444444444445,4.366666666666666,4.672222222222223,3.0764705882352943,3.8344262295081966,23.3,19.844444444444445,21.922222222222228,28.700000000000006,15.576470588235296,22.027868852459022,0.0,0.0,0.0,0.0,0.0,0.0,1.75,1.0,1.2222222222222223,1.2777777777777777,1.7647058823529411,1.4262295081967211,38.0,0.4001195630500725,-0.6927855021823035,0.8061,428.39999999999986,76.0,278.85,374.25,187.22000000000003,239.58,221.76,106.2,0.6890007559065248,0.15932914046121593,0.5342977581912243,0.6878963330576234,0.3818011257035648,0.5006896551724138,0.504,0.41316526610644255
2013-09-28,406.0,0.5818181818181818,6.0063531596017325,0.6668523699421963,28.0,28.73333333333333,28.066666666666666,28.425,28.566666666666666,28.566666666666666,28.374999999999996,29.53333333333333,29.96666666666667,29.16666666666667,29.399999999999995,29.43333333333333,29.43333333333333,29.475000000000005,25.633333333333336,26.6,26.33333333333333,26.487500000000004,26.7,26.7,26.385,6.414285714285714,15.311111111111114,12.155555555555555,9.68888888888889,8.182352941176473,10.093333333333328,24.02857142857143,46.73333333333333,50.922222222222224,35.17222222222222,32.623529411764714,37.24666666666668,0.0,0.0,0.0,0.0,0.0,0.0,2.2857142857142856,2.0,2.0,2.2222222222222223,1.9411764705882355,2.083333333333333,39.0,0.7051195630500722,-0.10778550218230264,0.8114666666666666,421.54,109.24,309.81000000000006,329.1,241.02,256.14,180.94,81.53999999999998,0.6779677372661916,0.2290146750524109,0.5936194673309063,0.6049076371657017,0.4915164369034995,0.5352978056426332,0.4112272727272727,0.31722689075630245
2013-10-05,441.0,0.6613636363636364,6.089044875446847,0.6687752601156065,27.5,28.23333333333333,27.5,27.9625,27.83333333333333,27.83333333333333,27.845,28.73333333333333,29.3,28.6,29.1,29.0,29.0,28.985,26.5,27.2,26.66666666666667,26.9125,26.8,26.8,26.839999999999996,5.1571428571428575,3.45,5.477777777777778,3.8944444444444435,7.0470588235294125,5.078688524590163,22.82857142857143,11.670000000000002,17.87777777777778,13.66111111111111,24.211764705882352,17.949180327868852,0.0,0.02,0.0,0.0,0.0,0.003278688524590164,3.7142857142857135,3.0,3.333333333333333,2.9444444444444446,2.8823529411764706,3.081967213114754,40.0,0.2023107217276845,0.06561024208031085,0.810741935483871,389.62,82.75,255.36,317.46,281.16,396.0,117.76,43.2,0.6266304260417839,0.17348008385744235,0.4892891358497796,0.5835125448028674,0.5733746635125214,0.8275862068965517,0.2676363636363637,0.1680672268907563
2013-10-12,438.0,0.6545454545454545,6.082218910376446,0.6706980346820807,27.73333333333333,28.466666666666665,27.866666666666664,28.0875,28.03333333333333,28.03333333333333,28.05,28.93333333333333,29.76666666666667,29.03333333333333,29.050000000000004,29.23333333333333,29.23333333333333,29.164999999999992,26.8,27.5,27.03333333333333,27.2125,26.933333333333334,26.933333333333334,27.125,3.2125,8.26,4.933333333333334,9.944444444444443,11.017647058823528,8.370967741935484,11.062500000000002,46.540000000000006,26.16666666666667,28.355555555555554,40.38823529411765,32.038709677419355,0.0,0.0,0.0,0.0,0.011764705882352941,0.0032258064516129032,2.875,2.7,2.6666666666666665,3.4444444444444446,3.4117647058823533,3.129032258064516,41.0,0.3823107217276807,0.3506102420803181,0.8075806451612904,427.35,83.5,296.96,278.98,247.5,278.25,231.68,43.47000000000001,0.6873120285636168,0.1750524109014675,0.5689978923165356,0.5127837514934289,0.5047312178807407,0.5815047021943573,0.5265454545454545,0.16911764705882354
2013-10-19,374.0,0.509090909090909,5.924255797414531,0.6726208092485549,27.83333333333333,28.4,27.933333333333334,28.2125,28.366666666666664,28.366666666666664,28.165000000000006,28.96666666666667,29.366666666666664,28.66666666666667,29.425,29.4,29.4,29.23000000000001,26.8,27.366666666666664,26.966666666666665,26.9375,27.266666666666666,27.266666666666666,27.035000000000004,4.728571428571429,11.61,17.5,7.5555555555555545,14.258823529411762,11.231147540983605,16.3,37.42,68.8888888888889,28.90000000000001,54.17058823529411,41.79344262295082,0.0,0.0,0.06666666666666668,0.0,0.25882352941176473,0.08196721311475409,3.0,3.2,3.0,2.6666666666666665,2.764705882352941,2.8688524590163933,42.0,0.44731072172769615,0.2606102420803218,0.8044193548387096,371.14,107.0,272.64,287.11999999999995,214.5,347.25,160.0,56.97,0.5969088248066005,0.22431865828092246,0.522398926997509,0.5277456116165793,0.43743372216330856,0.725705329153605,0.3636363636363637,0.22163865546218486
2013-10-26,495.0,0.7840909090909091,6.204557762568691,0.6745435838150291,27.066666666666666,27.7,27.35,27.7,27.8,27.8,27.578947368421048,27.7,28.366666666666664,28.05,28.675,28.73333333333333,28.73333333333333,28.41578947368421,26.33333333333333,26.866666666666664,26.6,26.9375,26.83333333333333,26.83333333333333,26.77894736842105,4.985714285714286,8.18,9.15,6.5166666666666675,10.129411764705884,7.99,25.42857142857143,35.84,49.6,29.433333333333334,44.92941176470589,37.11333333333332,0.0,0.0,0.0,0.0,1.4235294117647062,0.4033333333333333,2.142857142857143,2.5,2.125,2.1666666666666665,2.235294117647059,2.2333333333333334,43.0,-0.3668998045880976,0.004557610501372268,0.801258064516129,387.63,124.63,328.88,249.25,264.22,315.28,196.26,88.0,0.6234298856490342,0.2612788259958071,0.6301590342977581,0.4581380387832001,0.5388286157109063,0.6588923719958202,0.4460454545454546,0.3423591658885776
2013-11-02,458.0,0.7,6.1268691841141845,0.6764663583815034,26.366666666666664,27.0,27.2,27.1625,27.23333333333333,27.23333333333333,27.02631578947368,27.0,27.53333333333333,27.65,27.625,27.899999999999995,27.899999999999995,27.55789473684211,25.83333333333333,26.4,26.700000000000006,26.599999999999994,26.866666666666664,26.866666666666664,26.50000000000001,19.8625,13.31,15.0875,7.377777777777778,10.188235294117648,11.781967213114756,56.375,44.74,45.375,26.555555555555557,32.782352941176484,37.65081967213114,0.6,0.25,0.025,0.1111111111111111,0.011764705882352941,0.15901639344262294,4.625,5.1,3.75,4.5555555555555545,5.0,4.672131147540983,44.0,-0.6539555687083833,0.25362557923065765,0.8021333333333334,431.32,125.58,350.9,370.37,275.90000000000003,310.27,244.95,155.42000000000004,0.6936970262315646,0.2632704402515723,0.6723510251005939,0.6807646356033453,0.5626478505587732,0.6484221525600835,0.5567045454545454,0.6046529723000311
2013-11-09,402.0,0.5727272727272728,5.996452088619021,0.6783892485549136,26.96666666666667,27.5,27.25,27.65,27.633333333333336,27.633333333333336,27.47368421052632,28.133333333333336,28.8,28.25,28.450000000000006,28.46666666666667,28.46666666666667,28.43684210526316,26.399999999999995,26.86666666666667,26.75,26.9375,26.93333333333333,26.93333333333333,26.82105263157895,14.775,15.189999999999998,12.825,14.266666666666666,10.156249999999998,13.200000000000005,57.625,63.15,44.5875,52.56111111111112,39.28125,50.39666666666666,0.0,0.0,0.0,0.0,0.0,0.0,3.0,2.6,2.875,3.2777777777777777,3.125,3.033333333333333,45.0,0.2249917997126687,0.5746782108095978,0.8131,467.4,116.74,343.94,241.78,182.28,296.06999999999994,248.39999999999995,76.0,0.7517249143573991,0.24473794549266245,0.659015136999425,0.44440768311736056,0.3717268945264704,0.6187460815047021,0.5645454545454545,0.29567382508558976
2013-11-16,444.0,0.6681818181818182,6.095824562432225,0.6803120231213877,26.7,27.0,27.0,27.025,27.066666666666666,27.066666666666666,26.97368421052632,27.3,27.7,27.9,27.6,27.93333333333333,27.93333333333333,27.65263157894737,25.66666666666667,25.66666666666667,25.75,26.025,25.83333333333333,25.83333333333333,25.852631578947374,7.55,12.6,10.6,14.744444444444447,12.16875,12.188333333333334,28.55,50.78,42.2375,54.55555555555557,36.825,44.088333333333324,0.2,0.31999999999999995,0.2125,1.45,0.8,0.7566666666666666,5.5,6.5,6.125,6.666666666666668,6.875,6.466666666666668,46.0,-0.5592187266031203,-0.3937428418219824,0.8240666666666666,436.24,120.12000000000002,336.4,284.9,222.58,299.61999999999995,213.21,83.22,0.7016099200669057,0.25182389937106925,0.6445679248898255,0.5236651043102656,0.4539114120238192,0.6261650992685475,0.4845681818181818,0.3237628384687208
2013-11-23,365.0,0.4886363636363637,5.899897353582492,0.6822347976878609,27.2,27.6,27.55,27.3125,27.433333333333334,27.433333333333334,27.38421052631579,28.266666666666666,28.83333333333333,28.6,28.3,28.4,28.4,28.42631578947368,25.96666666666667,26.3,26.35,26.375,26.33333333333333,26.33333333333333,26.28947368421053,6.637499999999998,5.57,5.862500000000002,8.505555555555556,8.74375,7.4783333333333335,33.4,30.2,32.95,26.77222222222223,40.05,32.59166666666667,0.2125,0.21,0.0,0.4277777777777778,0.16874999999999998,0.2366666666666667,5.25,5.8,2.875,6.4444444444444455,5.1875,5.366666666666666,47.0,0.21446548392319187,0.04309926344117798,0.8350333333333333,443.62,121.94,309.72,286.44,132.68,308.14,281.52,88.16,0.7134792608199174,0.25563941299790355,0.5934470205020117,0.5264957264957265,0.2705767191451179,0.6439707419017764,0.6398181818181817,0.3429816370992841
2013-11-30,372.0,0.5045454545454545,5.918893854273146,0.6841575722543349,27.03333333333333,27.23333333333333,27.200000000000006,27.442857142857147,27.3,27.3,27.288888888888888,27.566666666666666,27.8,27.55,28.228571428571428,28.26666666666667,28.26666666666667,27.97777777777777,26.600000000000005,26.899999999999995,26.85,26.67142857142857,26.633333333333336,26.633333333333336,26.71111111111111,8.5625,11.359999999999996,10.5,11.605882352941176,15.625,12.091525423728815,35.7,32.02,25.75,54.24705882352941,53.2375,43.827118644067795,0.0,0.8699999999999999,2.125,0.023529411764705882,0.525,0.5847457627118645,4.75,6.5,7.0,3.8235294117647056,6.0625,5.4406779661016955,48.0,-0.23407252777271026,0.4647366903417556,0.846,441.1399999999999,86.96,284.38000000000005,208.68,221.15,335.7999999999999,237.24,73.97999999999998,0.7094906476671436,0.1823060796645702,0.5448936577888485,0.3835676867934932,0.4509951872093972,0.7017763845350051,0.5391818181818182,0.2878151260504201
2013-12-07,347.0,0.4477272727272728,5.849324779946859,0.6860803468208092,25.73333333333333,25.9,25.950000000000006,25.97142857142857,26.1,26.1,25.93888888888889,26.7,26.9,26.9,27.085714285714282,27.266666666666666,27.266666666666666,27.0,24.73333333333333,24.9,25.1,24.785714285714285,24.83333333333333,24.83333333333333,24.83888888888889,21.214285714285715,20.270000000000003,15.187500000000002,14.53529411764706,12.45625,15.846551724137932,69.3142857142857,72.7,54.55,58.27058823529411,40.25,56.60689655172413,0.0,0.02,0.025,0.0,0.0,0.006896551724137932,3.8571428571428568,5.3,5.375,3.8235294117647056,3.8125,4.293103448275862,49.0,-0.8156160231886886,-0.9582455157891232,0.8487096774193548,392.34,84.41999999999999,221.94000000000003,204.0,190.89,395.64,264.88,79.80000000000003,0.6310050340157936,0.17698113207547167,0.4252538800536501,0.3749655362558589,0.3892854229545639,0.826833855799373,0.602,0.3104575163398693
2013-12-14,381.0,0.525,5.942799375126701,0.6880032369942194,26.866666666666664,27.0,27.0,27.157142857142855,27.133333333333336,27.133333333333336,27.06111111111111,27.66666666666667,27.866666666666664,27.75,27.885714285714283,27.899999999999995,27.899999999999995,27.83333333333334,25.23333333333333,25.23333333333333,25.1,25.42857142857143,25.4,25.4,25.322222222222226,8.514285714285714,12.93,9.1875,6.641176470588236,7.49375,8.537931034482758,28.91428571428571,41.73,33.725,23.817647058823532,24.3375,29.03103448275862,0.0,0.0,0.0,0.011764705882352941,0.0,0.003448275862068966,3.0,3.2,2.25,3.882352941176471,2.875,3.155172413793104,50.0,0.01771731014465061,-0.4749121824557889,0.8514193548387097,390.78,79.19999999999997,292.68,169.32000000000005,270.27,271.32,362.06,73.36,0.6284960676777587,0.16603773584905654,0.5607970875646675,0.3112213950923629,0.5511664899257688,0.5670219435736678,0.8228636363636364,0.2854030501089324
2013-12-21,371.0,0.5022727272727273,5.916202062607435,0.6899260115606937,26.633333333333336,26.83333333333333,26.65,27.04285714285714,27.03333333333333,27.03333333333333,26.894444444444453,28.16666666666667,28.46666666666667,27.85,28.58571428571429,28.53333333333333,28.53333333333333,28.405555555555555,25.366666666666664,25.633333333333336,25.700000000000006,25.5,25.53333333333333,25.53333333333333,25.527777777777768,11.528571428571427,18.47,17.125,9.3,9.9,12.394827586206903,70.28571428571429,95.77,77.1875,38.42941176470588,50.075,60.7189655172414,0.0,0.0,0.0,0.0,0.0,0.0,2.4285714285714284,2.1,2.5,3.294117647058824,3.125,2.827586206896552,51.0,0.5899395323668664,-0.2693566269002368,0.8541290322580645,441.48,85.67999999999998,273.24000000000007,271.32,280.98,383.88,278.64,75.60000000000002,0.710037473663895,0.17962264150943394,0.523548572523472,0.4987041632202922,0.5730075862631536,0.8022570532915361,0.6332727272727272,0.29411764705882354
2013-12-28,414.0,0.6,6.025865973825314,0.6918487861271678,26.66666666666667,26.7,26.75,26.857142857142854,26.766666666666666,26.766666666666666,26.77222222222223,27.3,27.366666666666664,27.3,27.428571428571423,27.3,27.3,27.36111111111111,25.6,25.7,25.65,26.042857142857148,25.866666666666664,25.866666666666664,25.83888888888889,2.5428571428571423,3.99,1.4625,2.005882352941176,2.8875,2.5810344827586205,13.042857142857144,20.07,7.9125,7.935294117647059,12.2875,11.841379310344827,0.0,0.0,0.0,0.0,0.0,0.0,2.7142857142857144,2.9,2.375,3.4117647058823533,3.25,3.0517241379310347,52.0,-0.4545049120775744,0.0417544842108768,0.8568387096774194,449.28,78.72,263.71000000000004,244.62,295.47,366.52,371.64,72.28,0.7225823053540699,0.1650314465408805,0.5052883694194289,0.4496277915632755,0.6025573048372623,0.7659770114942528,0.8446363636363636,0.2812013694366635
2014-01-04,437.0,0.6522727272727272,6.07993319509559,0.6935668208092484,26.53333333333333,26.66666666666667,26.8,26.657142857142855,26.866666666666664,26.866666666666664,26.68888888888889,27.366666666666664,27.3,27.4,27.52857142857143,27.53333333333333,27.53333333333333,27.450000000000006,25.73333333333333,25.96666666666667,25.950000000000006,26.07142857142857,26.4,26.4,26.038888888888888,1.557142857142857,1.67,1.175,3.288235294117647,3.34375,2.524137931034483,7.299999999999999,7.51,6.325,13.558823529411766,20.0,12.53965517241379,0.0,0.0,0.0,0.0,0.0,0.0,2.2857142857142856,2.5,2.125,1.6470588235294117,2.1875,2.086206896551724,1.0,-0.13708416488512046,0.303341888849296,0.8485806451612903,487.20999999999987,103.95,256.05999999999995,331.57,191.82,332.88,440.0,101.1,0.7835855702269326,0.2179245283018868,0.4906303889634028,0.6094476610605644,0.3911819887429643,0.6956739811912226,1.0,0.3933239962651727
2014-01-11,479.0,0.7477272727272727,6.171700597410915,0.6951312138728324,26.2,26.4,26.3,26.41428571428571,26.46666666666667,26.46666666666667,26.37222222222222,27.2,27.4,27.200000000000006,27.52857142857143,27.6,27.6,27.427777777777788,24.899999999999995,25.0,25.0,25.157142857142855,25.100000000000005,25.100000000000005,25.06111111111111,13.471428571428573,7.479999999999999,7.375,8.905882352941175,6.30625,8.282758620689657,81.0,37.14,29.55,47.2,27.975,41.80689655172414,0.0,0.0,0.0,0.0,0.0,0.0,2.4285714285714284,2.6,2.625,2.8235294117647056,2.25,2.5517241379310347,2.0,-0.15930638710733902,-0.6744358889284818,0.8320967741935483,478.91,112.98,271.99,322.34,221.48999999999995,310.84,289.52,46.49999999999999,0.7702365826591827,0.2368553459119497,0.5211534776777159,0.5924823086113409,0.4516885553470919,0.6496133751306165,0.6579999999999999,0.18090569561157796
2014-01-18,401.0,0.5704545454545454,5.9939614273065684,0.6966957225433524,26.2,26.2,26.3,26.485714285714288,26.33333333333333,26.33333333333333,26.344444444444452,26.766666666666666,26.8,26.9,27.1,26.933333333333334,26.933333333333334,26.944444444444446,25.8,25.83333333333333,26.05,26.1,25.96666666666667,25.96666666666667,25.977777777777767,0.08571428571428573,0.44,1.1625,0.3647058823529412,0.10625,0.3827586206896552,0.4571428571428573,2.8199999999999994,7.825,2.4294117647058817,0.6375000000000001,2.5086206896551726,0.0,0.0,0.0,0.0,0.0,0.0,1.0,1.0,1.0,0.8823529411764706,0.75,0.8965517241379308,3.0,-0.6426397204406804,0.2422307777381825,0.8156129032258065,455.67,87.77999999999999,237.77,286.84,162.84,315.4000000000001,421.52,92.1,0.7328594174694822,0.1840251572327044,0.4555853611803026,0.5272309530374046,0.3320825515947467,0.6591431556948799,0.958,0.3583099906629318
2014-01-25,336.0,0.4227272727272727,5.817111159963203,0.6982601156069365,25.66666666666667,25.8,25.8,26.07142857142857,25.9,25.9,25.899999999999995,25.93333333333333,26.03333333333333,26.0,26.300000000000004,26.13333333333333,26.13333333333333,26.13333333333333,25.366666666666664,25.6,25.6,25.785714285714285,25.7,25.7,25.65,0.0,0.0,0.0,0.0,0.0,0.0,0.0,0.0,0.0,0.0,0.0,0.0,0.0,0.0,0.0,0.0,0.0,0.0,0.0,0.0,0.0,0.0,0.0,0.0,4.0,-1.4537508315517904,-0.08554700003959326,0.7991290322580644,421.64,63.21,214.17,309.55999999999995,247.71,273.6,350.24,14.4,0.6781285684417068,0.13251572327044026,0.41036597049243134,0.5689918206047238,0.5051594746716698,0.5717868338557994,0.7959999999999999,0.056022408963585416
2014-02-01,234.0,0.19090909090909086,5.455321115357702,0.6998246242774564,26.0,26.03333333333333,26.05,26.442857142857147,26.3,26.3,26.23333333333333,26.53333333333333,26.46666666666667,26.45,26.87142857142857,26.66666666666667,26.66666666666667,26.666666666666664,25.5,25.53333333333333,25.6,25.9,25.8,25.8,25.72222222222223,0.0,0.0,0.0,0.0,0.0,0.0,0.0,0.0,0.0,0.0,0.0,0.0,0.0,0.0,0.0,0.0,0.0,0.0,0.0,0.0,0.0,0.0,0.0,0.0,5.0,-1.0944928062133883,-0.6219152767167451,0.7835714285714286,480.52,66.4,305.64,259.16,138.51000000000002,267.81,280.46,49.29,0.7728259645849751,0.13920335429769393,0.5856294309254645,0.4763532763532765,0.2824659433885309,0.5596865203761755,0.6374090909090908,0.19176003734827266
2014-02-08,274.0,0.2818181818181818,5.613128106388071,0.7013890173410404,26.33333333333333,26.433333333333334,26.25,26.814285714285717,26.566666666666666,26.566666666666666,26.566666666666666,26.633333333333336,26.73333333333333,26.8,27.214285714285715,26.866666666666664,26.866666666666664,26.933333333333334,25.7,25.83333333333333,25.55,26.271428571428572,26.13333333333333,26.13333333333333,26.0,3.0571428571428565,1.41,0.7875000000000001,0.0,0.04375,0.7327586206896551,21.5,9.8,5.550000000000002,0.011764705882352941,0.3375,5.14655172413793,0.0,0.0,0.0,0.0,0.0,0.0,0.7142857142857143,0.8,1.0,0.05882352941176471,0.25,0.4482758620689655,6.0,-0.8278261395467155,-0.34413749893897005,0.7735714285714286,450.18,70.72,294.8400000000001,302.48,173.34000000000003,265.44000000000005,196.84,54.25,0.7240297859337054,0.1482599580712788,0.5649358114581337,0.5559783108170205,0.35349539114120243,0.5547335423197494,0.4473636363636364,0.21105664488017428
2014-02-15,369.0,0.4977272727272728,5.910796644040527,0.7029534104046244,27.6,27.566666666666666,27.5,27.757142857142853,27.66666666666667,27.66666666666667,27.655555555555548,27.96666666666667,27.9,27.8,28.157142857142855,27.93333333333333,27.93333333333333,28.005555555555553,27.23333333333333,27.266666666666666,27.15,27.242857142857147,27.2,27.2,27.22777777777777,0.21428571428571427,0.4800000000000001,0.1625,2.694117647058824,0.11250000000000003,0.9517241379310344,1.5142857142857142,3.3,1.1375000000000002,16.294117647058822,0.7875000000000001,5.901724137931033,0.0,0.0,0.0,0.0,0.0,0.0,0.5714285714285714,0.6,0.375,1.5882352941176472,0.75,0.8965517241379308,7.0,0.2443960826755003,0.8836402788388078,0.7635714285714286,504.3,81.6,241.38,234.08,169.29000000000005,332.5900000000001,239.76,63.55,0.8110716181224568,0.1710691823899371,0.4625023950948456,0.4302545721900561,0.34523615303042665,0.6950679205851621,0.5449090909090909,0.24723778400248986
2014-02-22,194.0,0.1,5.267858159063328,0.7045179190751445,27.566666666666666,27.566666666666666,27.65,27.785714285714285,27.66666666666667,27.66666666666667,27.677777777777766,27.83333333333333,27.766666666666666,27.85,28.214285714285715,27.93333333333333,27.93333333333333,27.988888888888887,27.33333333333333,27.366666666666664,27.5,27.114285714285714,27.43333333333333,27.43333333333333,27.288888888888877,0.9875,0.01,0.0,1.3777777777777782,0.125,0.5800000000000001,4.475,0.12,0.0,9.327777777777776,0.875,3.648333333333333,0.0,0.0,0.0,0.0,0.0,0.0,0.875,0.2,0.0,1.2222222222222223,0.1875,0.5666666666666667,8.0,0.22772941600883456,0.9447513899499108,0.7535714285714286,461.66,55.99999999999999,297.00000000000006,278.92,99.63,309.68,210.9,44.95,0.7424932048828344,0.11740041928721172,0.5690745353515999,0.5126734675121772,0.2031772575250836,0.6471891327063741,0.4793181818181818,0.1748755057578587
2014-03-01,187.0,0.08409090909090909,5.231108616854587,0.7060823121387285,27.366666666666664,27.266666666666666,27.3,27.625,27.4,27.4,27.457894736842107,27.83333333333333,27.66666666666667,27.700000000000006,28.012500000000006,27.76666666666667,27.76666666666667,27.85789473684211,26.83333333333333,26.866666666666664,26.9,27.3,27.1,27.1,27.08421052631579,0.0,0.0,0.0,0.05,0.0,0.014754098360655738,0.0,0.0,0.0,0.3555555555555556,0.0,0.10491803278688523,0.0,0.0,0.0,0.0,0.0,0.0,0.0,0.0,0.0,0.1111111111111111,0.0,0.032786885245901634,9.0,-0.5311801690836829,0.3990566087583503,0.7454838709677419,456.03,61.74,218.55,345.06,270.84000000000003,246.01,283.8,36.66,0.7334384097013366,0.12943396226415094,0.4187583828319601,0.6342431761786601,0.5523289012154337,0.5141274817136886,0.645,0.1426237161531279
2014-03-08,210.0,0.13636363636363635,5.3471075307174685,0.7076468208092486,27.76666666666667,27.73333333333333,27.266666666666666,27.875,27.66666666666667,27.66666666666667,27.715,28.03333333333333,27.9,27.53333333333333,28.1125,27.93333333333333,27.93333333333333,27.955000000000005,27.33333333333333,27.366666666666664,26.96666666666667,27.6,27.3,27.3,27.385,0.0,0.0,0.0,0.2277777777777777,0.0,0.0661290322580645,0.0,0.0,0.0,1.4055555555555557,0.0,0.4080645161290323,0.0,0.0,0.0,0.0,0.0,0.0,0.0,0.0,0.0,0.4444444444444444,0.0,0.12903225806451613,10.0,-0.4340749059257867,0.6998460824425621,0.7488709677419355,437.4,53.34,193.17,313.47,278.24,196.37,259.38000000000005,20.67,0.7034755617028805,0.1118238993710692,0.3701283770837324,0.5761786600496279,0.5674198548005547,0.4103866248693835,0.5895000000000001,0.0804154995331466
2014-03-15,225.0,0.17045454545454544,5.416100402204419,0.7092112138728326,28.2,28.066666666666666,27.83333333333333,28.387500000000006,28.133333333333336,28.133333333333336,28.19,28.7,28.63333333333333,28.3,28.8625,28.66666666666667,28.66666666666667,28.69,27.566666666666666,27.46666666666667,27.266666666666666,27.875,27.633333333333336,27.633333333333336,27.640000000000004,0.0,0.05,0.0,0.005555555555555557,0.08823529411764706,0.03387096774193549,0.0,0.34,0.0,0.027777777777777776,0.611764705882353,0.23064516129032256,0.0,0.0,0.0,0.0,0.0,0.0,0.0,0.2,0.0,0.05555555555555555,0.4117647058823529,0.16129032258064516,11.0,0.30092509407420565,0.9548460824425646,0.7522580645161291,467.37,34.02,171.54999999999995,304.56,293.04,144.54,239.58,118.95,0.7516766650047445,0.07132075471698114,0.3287028166315385,0.5598014888337469,0.5976017619707968,0.3020689655172414,0.5445,0.4627684407096172
2014-03-22,210.0,0.13636363636363635,5.3471075307174685,0.7107757225433526,26.33333333333333,26.93333333333333,26.8,26.8,26.933333333333334,26.933333333333334,26.770000000000003,27.3,27.7,27.366666666666664,27.725000000000005,27.66666666666667,27.66666666666667,27.595,25.7,26.03333333333333,25.93333333333333,26.049999999999994,26.2,26.2,25.999999999999996,20.8125,11.489999999999998,10.07777777777778,15.583333333333336,16.599999999999994,15.07741935483871,40.525,43.47,41.98888888888889,44.88333333333333,47.77647058823529,44.46612903225806,0.025,0.0,0.5777777777777778,0.0,0.0,0.08709677419354839,6.0,4.9,4.888888888888889,5.388888888888888,5.117647058823528,5.241935483870968,12.0,-0.7940749059257932,-0.6851539175574466,0.7556451612903226,434.97,47.18,229.36,409.86000000000007,237.54,187.61,248.82,79.56,0.6995673641378645,0.09890985324947588,0.43947116305805706,0.7533498759305213,0.4844196100823884,0.3920794148380355,0.5655,0.30952380952380953
2014-03-29,225.0,0.17045454545454544,5.416100402204419,0.7123401156069367,28.366666666666664,28.43333333333333,28.1,28.5125,28.433333333333334,28.433333333333334,28.421052631578952,29.0,29.0,28.700000000000006,28.9625,28.8,28.8,28.921052631578952,27.66666666666667,27.866666666666664,27.4,28.000000000000004,28.0,28.0,27.863157894736837,3.1125000000000003,0.78,0.5666666666666667,0.7055555555555555,0.13529411764705884,0.8516129032258066,19.2375,4.8,3.588888888888889,3.4,0.8588235294117647,5.000000000000001,0.0,0.0,0.0,0.0,0.0,0.0,1.75,1.4,0.5555555555555556,1.5,0.4705882352941176,1.0967741935483872,13.0,0.5319777256531566,1.1780039771794009,0.7590322580645161,433.75,56.56000000000001,239.11,308.5300000000001,252.6,281.07,335.33,114.27,0.6976052237965806,0.11857442348008387,0.45815290285495297,0.5670986122599028,0.5151317399461619,0.587398119122257,0.7621136363636364,0.444561157796452
2014-04-05,240.0,0.20454545454545456,5.48063892334199,0.7139046242774566,28.0,28.73333333333333,28.1,28.3,28.43333333333333,28.43333333333333,28.32105263157895,29.1,29.7,29.05,29.2875,29.16666666666667,29.16666666666667,29.27894736842105,26.3,26.53333333333333,26.05,26.4625,26.3,26.3,26.37894736842105,2.5625,5.33,6.6000000000000005,6.344444444444445,7.8058823529411745,6.1229508196721305,10.175,31.26999999999999,29.9625,27.62777777777778,48.42352941176472,32.03770491803279,0.0,0.0,0.0,0.0,0.0,0.0,2.125,1.6,1.625,2.2777777777777777,2.0588235294117645,2.0,14.0,0.4970232137043986,-0.5134090327277221,0.7666666666666667,472.14,60.20000000000002,236.0,300.03,202.3,397.37,277.4,53.43,0.7593483120768131,0.12620545073375267,0.4521939068787123,0.5514750482492418,0.4125540419283791,0.8304493207941483,0.6304545454545454,0.20786647992530344
2014-04-12,245.0,0.2159090909090909,5.5012582105447265,0.7154690173410406,27.566666666666666,28.133333333333336,27.399999999999995,28.2125,28.16666666666667,28.16666666666667,27.975,28.93333333333333,29.133333333333336,28.200000000000006,28.8375,28.83333333333333,28.83333333333333,28.8,26.46666666666667,27.0,26.6,27.275,27.2,27.2,27.0,8.35,3.87,4.866666666666666,2.6555555555555554,2.3882352941176466,3.833870967741936,33.525,15.51,17.32222222222222,12.944444444444445,11.023529411764708,16.12258064516129,0.0,0.0,0.0,0.0,0.0,0.0,3.375,3.4,3.0,2.2222222222222223,2.9411764705882355,2.870967741935484,15.0,0.018075845283348716,0.10764359885122944,0.7759999999999999,474.72,62.58000000000001,258.0,371.57,204.4,424.23,254.04,69.81,0.7634977564051016,0.13119496855345913,0.494347576164016,0.6829703152283798,0.41683660983767024,0.8865830721003135,0.5773636363636364,0.27159197012138186
2014-04-19,235.0,0.19318181818181815,5.45958551414416,0.7170334104046248,27.8,28.46666666666667,28.03333333333333,28.4875,28.566666666666666,28.566666666666666,28.32500000000001,28.5,29.16666666666667,28.53333333333333,29.0375,28.96666666666667,28.96666666666667,28.890000000000004,26.866666666666664,27.8,27.6,27.8375,28.0,28.0,27.675,9.8,8.8,8.5,5.466666666666668,11.8,8.740322580645161,40.55,33.28000000000001,35.04444444444445,21.672222222222217,46.61176470588236,34.75967741935485,0.0,0.0,0.0,0.0,0.0,0.0,3.75,2.9,3.4444444444444446,2.6111111111111107,2.411764705882353,2.870967741935484,16.0,0.10807584528335212,0.7826435988512301,0.7853333333333333,468.7,57.68000000000001,252.0,418.29,285.6,395.79000000000013,264.26,81.12,0.7538157196390949,0.1209224318658281,0.4828511209043878,0.7688447752963882,0.5824292356635941,0.8271473354231976,0.6005909090909091,0.31559290382819793
2014-04-26,282.0,0.3,5.641907070938113,0.7185979190751447,27.33333333333333,28.3,28.0,28.0875,28.4,28.4,28.040000000000006,27.83333333333333,28.93333333333333,28.8,28.7125,29.133333333333336,29.133333333333336,28.69,26.266666666666666,27.2,26.566666666666666,27.05,26.83333333333333,26.83333333333333,26.85,9.7875,7.659999999999998,3.7888888888888888,8.772222222222222,4.458823529411765,6.817741935483871,32.24999999999999,28.21,18.388888888888886,35.82777777777779,20.352941176470583,27.362903225806452,0.8,0.08,0.0,0.011111111111111113,0.0,0.11935483870967745,5.0,5.3,2.555555555555556,3.611111111111111,2.294117647058824,3.548387096774193,17.0,-0.09192415471665427,-0.04235640114876915,0.7946666666666666,453.54,71.59,238.88,351.25,246.7,285.9500000000001,290.47,122.34,0.7294337134310114,0.15008385744234803,0.4577122054033339,0.6456208069111296,0.503099763439106,0.5975966562173459,0.6601590909090909,0.4759570494864612
2014-05-03,251.0,0.2295454545454545,5.525452939131784,0.7201623121387287,28.16666666666667,29.133333333333336,28.5,28.85,28.93333333333333,28.93333333333333,28.749999999999996,28.96666666666667,29.766666666666666,29.266666666666666,29.6375,29.66666666666667,29.66666666666667,29.505000000000006,27.600000000000005,28.766666666666666,28.03333333333333,28.25,28.366666666666664,28.366666666666664,28.215000000000003,6.2625,3.4200000000000013,4.5,3.888888888888889,8.923529411764703,5.588709677419351,37.85000000000001,14.45,18.233333333333334,14.877777777777776,36.90588235294118,24.299999999999994,0.0,0.0,0.0,0.0,0.0,0.0,2.0,2.9,3.4444444444444446,2.7777777777777777,3.3529411764705883,2.9516129032258065,18.0,0.14336007181968924,0.8695619316490415,0.8001935483870968,440.15999999999985,61.8,280.0,360.0,288.6,301.72,188.27,99.72,0.7079145021470961,0.12955974842767295,0.5365012454493197,0.6617038875103392,0.5885471898197243,0.6305538140020898,0.4278863636363637,0.3879551820728291
2014-05-10,261.0,0.2522727272727273,5.564520407322693,0.7217268208092488,28.3,29.23333333333333,28.766666666666666,28.875,29.3,29.3,28.89,29.3,30.3,29.633333333333336,29.825000000000006,30.03333333333333,30.03333333333333,29.82,26.866666666666664,27.566666666666666,27.433333333333334,27.7375,28.066666666666666,28.066666666666666,27.585,9.4,9.31,7.5777777777777775,8.194444444444445,3.9411764705882346,7.274193548387097,32.9125,38.86,43.35555555555555,30.399999999999995,19.96470588235294,31.10806451612904,0.0,0.0,0.0,0.3333333333333333,0.0,0.0967741935483871,3.5,4.4,3.111111111111111,4.222222222222221,2.117647058823529,3.419354838709677,19.0,0.458360071819687,0.2395619316490389,0.8006451612903226,456.12,60.45,284.48,352.0,152.88000000000005,309.32000000000005,209.04,74.52,0.7335831577593,0.12672955974842767,0.5450852653765088,0.6469993566767761,0.3117709437963945,0.6464367816091955,0.4750909090909091,0.2899159663865546
2014-05-17,291.0,0.32045454545454544,5.673323267171493,0.7232912138728328,27.9,29.2,28.600000000000005,28.6875,28.96666666666667,28.96666666666667,28.674999999999994,28.9,30.16666666666667,29.3,29.5125,29.66666666666667,29.66666666666667,29.51,27.33333333333333,28.46666666666667,28.066666666666666,27.925,28.133333333333336,28.133333333333336,27.96999999999999,7.837499999999999,8.580000000000002,3.488888888888889,12.772222222222224,5.370588235294116,8.082258064516129,33.7125,34.36,15.02222222222222,46.55,20.176470588235293,31.119354838709675,0.0,0.0,0.0,0.0,0.0,0.0,2.0,3.0,3.333333333333333,2.555555555555556,2.764705882352941,2.7258064516129035,20.0,0.1483600718196847,0.6245619316490298,0.8010967741935484,479.64,58.5,294.00000000000006,360.00000000000006,174.71999999999997,205.96000000000004,209.04,125.64,0.7714106502404426,0.12264150943396225,0.5633263077217858,0.6617038875103393,0.3563096500530222,0.43042842215256016,0.475090909090909,0.4887955182072829
2014-05-24,428.0,0.6318181818181818,6.0591231955817975,0.7248557225433528,27.2,27.93333333333333,27.53333333333333,27.887500000000006,27.9,27.9,27.74,28.53333333333333,29.23333333333333,28.633333333333336,28.9875,29.133333333333336,29.133333333333336,28.925,26.100000000000005,26.9,26.66666666666667,26.675,26.9,26.9,26.655,8.875,8.010000000000002,9.955555555555557,15.166666666666664,12.517647058823528,11.717741935483868,31.475,27.28,39.18888888888889,55.711111111111116,56.658823529411755,45.85967741935484,0.0,0.0,0.0,0.0,0.0,0.0,4.0,4.1,4.0,3.4444444444444446,3.2352941176470584,3.645161290322581,21.0,-0.4366399281803126,-0.6904380683509608,0.8015483870967742,463.68,77.55,321.44000000000005,244.00000000000009,228.54,238.64,265.32000000000005,106.56,0.7457419946282388,0.16257861635220125,0.6159034297758191,0.4484881904236744,0.4660657476139979,0.4987251828631139,0.6030000000000001,0.4145658263305321
2014-05-31,456.0,0.6954545454545454,6.1224928095143865,0.7264201156069369,28.066666666666666,28.96666666666667,28.46666666666667,28.6875,28.8,28.8,28.620000000000005,28.73333333333333,29.7,29.133333333333336,29.3625,29.633333333333336,29.633333333333336,29.325,27.23333333333333,28.133333333333336,27.633333333333336,27.8,27.8,27.8,27.74,5.9375,3.73,3.611111111111111,3.45,5.594117647058824,4.42741935483871,18.75,17.98,16.84444444444445,12.961111111111114,28.882352941176467,19.44677419354839,0.0,0.0,0.0,0.011111111111111113,0.0,0.0032258064516129032,3.625,3.4,3.2222222222222223,3.388888888888889,4.0588235294117645,3.5806451612903225,22.0,-0.03663992818031403,0.3945619316490365,0.802,513.24,56.55,311.5200000000001,377.82,259.49999999999994,285.76,224.27000000000004,63.12000000000001,0.8254499252135035,0.11855345911949686,0.5968959570799003,0.6944582299421009,0.5292030345052613,0.5971995820271682,0.5097045454545456,0.2455648926237161
2014-06-07,459.0,0.7022727272727273,6.129050210060545,0.7279845086705198,27.633333333333336,28.43333333333333,28.133333333333336,28.35,28.366666666666664,28.366666666666664,28.225000000000005,28.766666666666666,29.7,29.2,29.3,29.366666666666664,29.366666666666664,29.275,26.43333333333333,27.133333333333336,27.03333333333333,27.137500000000006,27.266666666666666,27.266666666666666,27.035,10.312500000000002,11.16,11.577777777777778,8.094444444444445,6.170588235294117,8.853225806451611,31.1125,38.92,40.444444444444436,26.11111111111111,23.717647058823534,30.24677419354838,0.525,0.0,0.0,0.011111111111111113,0.011764705882352941,0.07419354838709677,6.25,3.7,4.0,3.6666666666666665,3.7647058823529416,4.080645161290323,23.0,0.0734703497248681,-0.019353508291807486,0.7957000000000001,483.84,81.2,368.64,452.36,220.8,338.9600000000001,305.14,34.2,0.7781655596120752,0.17023060796645706,0.7063422111515615,0.8314676959838249,0.450281425891182,0.7083803552769071,0.6935,0.13305322128851538
2014-06-14,506.0,0.8090909090909091,6.226536669287466,0.7295490173410409,28.83333333333333,29.8,29.066666666666666,29.4125,29.43333333333333,29.43333333333333,29.335,29.83333333333333,30.46666666666667,29.766666666666666,30.0875,30.03333333333333,30.03333333333333,30.05,26.866666666666664,28.03333333333333,27.46666666666667,27.6,27.53333333333333,27.53333333333333,27.525,5.387499999999998,3.13,3.2222222222222223,4.449999999999998,2.947058823529412,3.767741935483872,22.2,11.07,13.066666666666668,21.05,12.647058823529413,16.1258064516129,0.0,0.0,0.0,0.0,0.0,0.0,2.0,1.8,1.2222222222222223,1.4444444444444444,1.3529411764705883,1.5161290322580645,24.0,0.8484703497248702,0.4706464917081945,0.7894,457.79999999999984,92.8,299.52,412.8,215.99999999999997,307.7999999999999,219.73,47.7,0.736285121507953,0.19454926624737948,0.5739030465606436,0.7587537910118555,0.4404926992413736,0.6432601880877742,0.4993863636363636,0.18557422969187676
2014-06-21,551.0,0.9113636363636364,6.311734809152916,0.7311134104046239,29.600000000000005,30.366666666666664,29.633333333333336,29.775,29.66666666666667,29.66666666666667,29.8,30.566666666666666,31.366666666666664,30.366666666666664,30.537499999999994,30.5,30.5,30.63500000000001,28.53333333333333,29.266666666666666,28.6,28.7375,28.6,28.6,28.745,2.2125,3.01,1.844444444444444,2.7666666666666675,3.5352941176470587,2.8112903225806454,11.8625,14.94,8.711111111111112,13.461111111111114,15.364705882352938,13.325806451612902,0.0,0.0,0.0,0.0,0.0,0.0,2.0,2.0,2.0,2.0,1.9411764705882355,1.9838709677419355,25.0,1.4334703497248782,1.6906464917081934,0.7831,505.68,79.2,342.4000000000001,352.6,194.4,268.28000000000003,219.0,60.6,0.8132910883445646,0.16603773584905662,0.6560643801494539,0.6481021964892933,0.39644342931723625,0.5606687565308256,0.4977272727272728,0.2357609710550887
2014-06-28,671.0,1.1840909090909093,6.508769136971682,0.7326779190751449,28.5,29.6,28.83333333333333,29.025,28.966666666666665,28.966666666666665,28.995,29.33333333333333,30.46666666666667,29.5,29.887500000000006,29.76666666666667,29.76666666666667,29.815,27.16666666666667,28.1,27.7,27.512500000000006,27.53333333333333,27.53333333333333,27.58,2.8375,3.87,1.0222222222222224,6.03888888888889,1.9352941176470588,3.42258064516129,15.9375,19.66,5.322222222222221,24.47777777777777,7.458823529411767,15.151612903225805,0.0,0.0,0.0,0.0,0.611764705882353,0.16774193548387098,2.0,1.9,1.1111111111111112,3.0,1.2352941176470589,1.935483870967742,26.0,0.6134703497248672,0.5256464917081978,0.7768,456.12,90.82,315.7600000000001,345.38,203.43,227.7,298.0200000000001,109.17,0.7335831577593,0.19039832285115305,0.6050201187967045,0.6348313574120026,0.4148584713271881,0.4758620689655172,0.6773181818181819,0.4247198879551821
2014-07-05,891.0,1.684090909090909,6.792344427470808,0.7342423121387279,27.566666666666666,28.66666666666667,28.16666666666667,28.2875,28.36666666666667,28.36666666666667,28.23,28.266666666666666,29.4,29.03333333333333,28.925,29.100000000000005,29.100000000000005,28.94,26.66666666666667,27.7,27.33333333333333,27.1625,27.133333333333336,27.133333333333336,27.190000000000005,7.862500000000002,5.78,4.877777777777777,14.327777777777774,5.75625,8.436065573770492,35.6625,21.15,21.47777777777777,54.40555555555557,22.34375,33.227868852459004,0.0,0.0,0.0,0.9333333333333332,0.0,0.2754098360655738,2.625,2.2,2.6666666666666665,2.1111111111111107,2.625,2.4098360655737703,27.0,0.0730764498551828,0.3417895472045949,0.7762903225806451,454.44,155.76,342.04,270.75,292.12,263.34,141.04999999999995,106.08,0.7308811940106469,0.3265408805031446,0.655374592833876,0.4976564653984009,0.5957255893629171,0.5503448275862068,0.3205681818181817,0.4126984126984127
2014-07-12,819.0,1.5204545454545455,6.708084083853071,0.735806820809249,27.5,28.4,27.93333333333333,28.225,28.23333333333333,28.23333333333333,28.099999999999994,28.100000000000005,29.03333333333333,28.566666666666666,29.05,28.96666666666667,28.96666666666667,28.82,27.0,27.66666666666667,27.266666666666666,27.475,27.33333333333333,27.33333333333333,27.380000000000006,17.387500000000006,10.71,7.455555555555555,13.094117647058823,10.599999999999998,11.758333333333333,53.85,30.71,21.62222222222222,43.923529411764704,40.42499999999999,38.766666666666666,0.025,0.02,0.022222222222222227,0.047058823529411764,0.037500000000000006,0.03333333333333333,5.25,4.8,4.333333333333333,4.235294117647058,4.5,4.55,28.0,-0.04692355014481464,0.5317895472045926,0.7780967741935484,439.32,182.82,380.12000000000006,255.0,270.01,177.1,226.20000000000005,132.60000000000002,0.7065635202727697,0.3832704402515724,0.7283387622149837,0.4687069203198236,0.5506362672322375,0.3701149425287356,0.5140909090909092,0.5158730158730159
2014-07-19,746.0,1.3545454545454545,6.6147256002037595,0.7373712138728319,28.866666666666664,29.566666666666666,28.866666666666664,29.1625,29.16666666666667,29.16666666666667,29.135,29.8,30.633333333333336,29.633333333333336,29.950000000000006,29.9,29.9,29.975,27.26666666666667,28.16666666666667,27.73333333333333,28.0125,27.96666666666667,27.96666666666667,27.875,1.0375,1.83,2.0,1.6058823529411763,2.025,1.7383333333333333,7.225,10.13,10.655555555555557,10.394117647058822,12.225,10.455000000000002,0.0,0.0,0.0,0.0,0.0,0.0,0.75,1.2,1.1111111111111112,1.0588235294117647,1.0,1.0333333333333334,29.0,1.1080764498551865,1.02678954720459,0.7799032258064515,477.12,165.99000000000004,377.4,269.25,273.36,191.73,211.25,171.36,0.767357704617463,0.34798742138364785,0.7231270358306188,0.4948993658671079,0.5574679827065829,0.40068965517241373,0.4801136363636364,0.6666666666666666
2014-07-26,634.0,1.1,6.452048954437226,0.738935722543353,29.43333333333333,30.1,29.366666666666664,29.6125,29.66666666666667,29.66666666666667,29.630000000000006,30.13333333333333,30.399999999999995,29.7,29.987500000000004,29.96666666666667,29.96666666666667,30.024999999999995,28.933333333333334,29.766666666666666,29.0,29.4,29.46666666666667,29.46666666666667,29.335,0.15,0.06,0.0,0.1176470588235294,0.05,0.07666666666666666,1.075,0.41,0.022222222222222227,0.8058823529411764,0.3875,0.5466666666666666,0.0,0.0,0.0,0.0,0.0,0.0,0.5,0.4,0.1111111111111111,0.4117647058823529,0.1875,0.31666666666666665,30.0,1.1580764498551799,2.486789547204588,0.7817096774193548,462.28,123.15,314.32000000000005,379.98,331.94000000000005,226.02,146.64,80.58,0.7434903581710278,0.2581761006289308,0.6022609695343936,0.6984284532671631,0.6769312341952852,0.4723510971786834,0.3332727272727272,0.31349206349206343
2014-08-02,484.0,0.759090909090909,6.182084906716633,0.740500115606936,27.66666666666667,28.46666666666667,28.03333333333333,28.175,28.3,28.3,28.14,28.53333333333333,29.53333333333333,28.766666666666666,28.9625,29.1,29.1,28.975,26.566666666666666,27.53333333333333,27.4,27.275,27.566666666666666,27.566666666666666,27.270000000000003,13.4375,10.010000000000002,10.488888888888887,10.283333333333333,16.26875,12.252459016393445,38.0375,33.04,30.75555555555556,31.094444444444452,60.61875,40.01803278688526,0.125,0.0,0.0,0.2444444444444445,0.0,0.08852459016393444,5.75,2.8,3.2222222222222223,4.5,2.625,3.704918032786885,31.0,0.22434164245842325,0.454341488190174,0.7839032258064517,474.72,128.25,277.55,357.57000000000005,349.44,308.1,208.03000000000003,90.09,0.7634977564051015,0.2688679245283019,0.5318068595516382,0.6572373862696445,0.7126193001060445,0.6438871473354233,0.4727954545454546,0.3504901960784313
2014-08-09,545.0,0.8977272727272727,6.300785794663245,0.74206450867052,27.7,28.5,27.766666666666666,27.950000000000006,27.866666666666664,27.866666666666664,27.954999999999995,28.866666666666664,29.366666666666664,28.53333333333333,29.0,28.9,28.9,28.95,26.33333333333333,26.9,26.43333333333333,26.6625,26.466666666666665,26.466666666666665,26.585,2.9750000000000005,1.2600000000000002,2.055555555555556,6.811111111111108,3.35,3.788524590163935,13.8375,6.159999999999998,9.8,24.88888888888889,12.86875,14.990163934426231,0.0,0.0,0.0,0.0,0.0,0.0,3.25,3.0,3.6666666666666665,3.1666666666666665,3.375,3.278688524590164,32.0,0.1993416424584176,-0.23065851180982835,0.7870645161290323,504.82,114.5,311.71,329.73,309.12,289.14,298.2,127.92,0.8119079402351351,0.24004192872117397,0.5972600114964551,0.6060656189688448,0.6303939962476548,0.6042633228840125,0.6777272727272727,0.4976657329598506
2014-08-16,438.0,0.6545454545454545,6.082218910376446,0.74362901734104,26.66666666666667,27.43333333333333,27.1,27.2625,27.33333333333333,27.33333333333333,27.185,27.433333333333334,28.466666666666665,28.066666666666666,28.25,28.366666666666664,28.366666666666664,28.15,25.46666666666667,26.2,26.133333333333336,26.125000000000004,26.399999999999995,26.399999999999995,26.079999999999995,11.2,11.14,5.677777777777778,9.277777777777779,5.737499999999999,8.375409836065572,51.125,43.2,24.211111111111112,42.444444444444436,27.21875,37.02295081967213,0.05,0.0,0.0,0.03333333333333333,0.0,0.016393442622950817,5.0,5.6,4.0,5.0555555555555545,4.0625,4.721311475409836,33.0,-0.6006583575415796,-0.7356585118098344,0.7902258064516129,484.18,110.5,294.02,398.46,309.9600000000001,255.17,328.02,107.64,0.7787123856088264,0.2316561844863732,0.5633646292393177,0.7323959194926937,0.6321070234113713,0.5332706374085685,0.7454999999999999,0.4187675070028011
2014-08-23,418.0,0.6090909090909091,6.035481432524756,0.7451934104046241,27.55,28.5,28.03333333333333,28.15,28.23333333333333,28.23333333333333,28.136842105263163,28.700000000000006,29.066666666666666,28.43333333333333,28.725,28.7,28.7,28.72631578947369,26.65,27.83333333333333,27.3,27.5125,27.73333333333333,27.73333333333333,27.47368421052632,3.228571428571428,5.0600000000000005,3.0444444444444447,5.627777777777778,6.437500000000003,5.081666666666667,10.714285714285714,26.610000000000007,13.199999999999998,23.48333333333333,28.299999999999994,22.256666666666664,0.0,0.0,0.0,0.0,0.0,0.0,3.1428571428571432,2.9,2.333333333333333,2.833333333333333,3.0625,2.8666666666666667,34.0,-0.024342568067883263,0.6580256987164859,0.7933870967741936,478.16,75.5,250.71,281.88,245.28,289.1400000000001,347.19,123.63,0.7690303488428196,0.15828092243186584,0.4803793830235677,0.5181141439205955,0.5002039318052043,0.6042633228840126,0.7890681818181818,0.4809757236227825
2014-08-30,367.0,0.4931818181818182,5.9053618480545715,0.7467579190751441,26.35,27.16666666666667,26.83333333333333,27.0625,27.1,27.1,26.97368421052632,27.0,27.766666666666666,27.33333333333333,27.675,27.866666666666664,27.866666666666664,27.59473684210527,25.75,26.633333333333336,26.33333333333333,26.425,26.433333333333334,26.433333333333334,26.373684210526317,7.4142857142857155,8.59,11.733333333333334,11.905555555555555,10.85625,10.523333333333332,19.357142857142858,21.02,34.81111111111111,35.355555555555554,34.862500000000004,30.886666666666667,0.5142857142857143,0.19,0.022222222222222227,0.3722222222222223,0.025,0.21333333333333335,6.142857142857142,6.3,5.666666666666668,5.388888888888888,5.5625,5.716666666666668,35.0,-1.1559215154363116,-0.44197430128351206,0.7965483870967742,475.1,73.89,268.27000000000004,359.64,284.52,216.46,286.18,48.38,0.7641089148720589,0.15490566037735848,0.5140256754167465,0.6610421836228288,0.5802267721673872,0.4523719958202717,0.6504090909090909,0.18821973233737935
2014-09-06,339.0,0.42954545454545456,5.82600010738045,0.7483223121387281,27.25,28.266666666666666,27.83333333333333,27.9125,28.066666666666666,28.066666666666666,27.910526315789472,28.5,29.466666666666665,28.83333333333333,29.0,29.23333333333333,29.23333333333333,29.031578947368427,25.75,26.9,26.66666666666667,26.675,26.8,26.8,26.63157894736841,9.485714285714286,6.410000000000001,6.988888888888888,5.216666666666667,7.86875,6.886666666666668,34.01428571428572,33.739999999999995,37.56666666666667,32.03333333333333,52.24999999999999,38.77,2.085714285714286,0.0,0.0,0.0,0.0,0.2433333333333333,2.142857142857143,1.3,1.2222222222222223,1.7222222222222223,1.5625,1.5833333333333333,36.0,0.26169851041849057,0.13879344518611347,0.7888,466.58,80.58,283.55,430.08,207.36,304.22,234.0,27.06,0.7504060987181755,0.1689308176100629,0.5433033148112665,0.7905155776123518,0.4228729912717187,0.6357784743991639,0.5318181818181819,0.10527544351073763
2014-09-13,362.0,0.4818181818181818,5.891644211825772,0.7498868208092482,27.7,28.73333333333333,28.066666666666666,28.475,28.566666666666666,28.566666666666666,28.384210526315798,28.5,29.566666666666666,28.633333333333336,29.1375,29.133333333333336,29.133333333333336,29.05789473684211,25.55,26.96666666666667,26.93333333333333,27.2,27.43333333333333,27.43333333333333,26.98421052631579,3.8833333333333333,1.7100000000000002,1.7999999999999998,3.5352941176470587,4.59375,3.279310344827586,24.03333333333333,10.12,8.899999999999997,20.923529411764697,31.800000000000004,20.51724137931035,0.0,0.0,0.0,0.0,0.0,0.0,1.6666666666666667,1.4,1.5555555555555556,1.1764705882352942,1.1875,1.3275862068965518,37.0,0.288014299892172,0.4914250241334877,0.7792333333333333,487.9,79.22000000000001,242.74000000000004,414.12,241.2,319.7999999999999,267.75,49.60999999999999,0.7846953053379867,0.16607966457023066,0.4651082582870282,0.7611800385993934,0.4918835141528672,0.6683385579937303,0.6085227272727273,0.1930049797696856
2014-09-20,397.0,0.5613636363636364,5.983936280687192,0.7514512138728322,28.4,29.23333333333333,28.7,28.8,28.73333333333333,28.73333333333333,28.8,29.0,29.7,29.23333333333333,29.35,29.2,29.2,29.326315789473682,27.05,27.93333333333333,27.66666666666667,27.2625,27.4,27.4,27.431578947368426,4.183333333333334,2.71,2.6444444444444444,2.335294117647059,3.0812500000000003,2.8448275862068964,22.66666666666667,13.06,17.533333333333335,14.394117647058824,18.8625,16.739655172413794,0.0,0.0,0.0,0.0,0.0,0.0,2.6666666666666665,1.7,1.1111111111111112,1.5294117647058822,1.375,1.5689655172413792,38.0,0.5564353525237493,0.9387934451861176,0.7696666666666667,473.14,59.67,226.84,381.36,324.72,368.18,180.75,82.41,0.7609566238319637,0.12509433962264152,0.4346426518490131,0.7009649848359526,0.6622073578595317,0.76944618599791,0.4107954545454545,0.3206115779645191
2014-09-27,345.0,0.4431818181818182,5.843544417031361,0.7530156069364162,27.95,28.76666666666667,28.066666666666666,28.500000000000004,28.46666666666667,28.46666666666667,28.410526315789472,28.85,29.53333333333333,28.933333333333334,29.3,29.23333333333333,29.23333333333333,29.22105263157895,26.25,26.76666666666667,26.266666666666666,26.8625,26.633333333333336,26.633333333333336,26.65263157894737,9.216666666666667,4.844444444444445,5.3,6.917647058823531,2.78125,5.415789473684209,44.33333333333334,22.08888888888889,28.466666666666665,35.22352941176469,11.499999999999998,26.382456140350882,0.0,0.0,0.0,0.0,0.0,0.0,2.1666666666666665,1.8888888888888888,2.0,1.9411764705882355,1.875,1.947368421052632,39.0,0.4511721946290166,0.15984607676506712,0.7600999999999999,430.82,71.39000000000001,193.56,357.15,305.21,287.72,183.0,78.07,0.6928928703539894,0.149664570230608,0.3708756466756083,0.6564653984008822,0.6224202626641651,0.6012957157784744,0.4159090909090909,0.30372704637410514
2014-10-04,339.0,0.42954545454545456,5.82600010738045,0.7545801156069362,28.7,29.266666666666666,28.53333333333333,29.05,28.9,28.9,28.94210526315789,29.450000000000006,29.66666666666667,28.866666666666664,29.525,29.33333333333333,29.33333333333333,29.40526315789473,27.3,27.73333333333333,27.366666666666664,27.4,27.366666666666664,27.366666666666664,27.431578947368426,0.3428571428571429,8.000000000000002,3.3666666666666667,3.9176470588235297,3.4625,3.9779661016949146,2.4857142857142853,43.09,22.6,26.782352941176466,24.15,25.311864406779648,0.0,0.0,0.0,0.0,0.0,0.0,0.5714285714285714,1.0,1.0,0.7647058823529411,0.9375,0.8644067796610171,40.0,0.622573879622422,0.6571891894487399,0.7578064516129033,477.12,43.540000000000006,196.08,267.75,289.1400000000001,147.99999999999997,274.5,137.60000000000002,0.7673577046174631,0.09127882599580714,0.3757041578846521,0.4921422663358148,0.5896484215678278,0.309299895506792,0.6238636363636364,0.5353252412075942
2014-10-11,278.0,0.2909090909090909,5.627621113690636,0.7561445086705202,28.6,29.23333333333333,28.566666666666666,28.8625,28.76666666666667,28.76666666666667,28.831578947368413,29.450000000000006,30.0,29.16666666666667,29.825,29.5,29.5,29.657894736842103,26.8,27.66666666666667,27.1,27.125,27.133333333333336,27.133333333333336,27.173684210526318,0.2,0.05,0.011111111111111113,0.16470588235294115,0.0125,0.0847457627118644,1.1428571428571428,0.26,0.14444444444444446,1.0588235294117647,0.0875,0.5305084745762713,0.0,0.0,0.0,0.0,0.0,0.0,0.5714285714285714,0.4,0.2222222222222222,0.7058823529411765,0.125,0.4067796610169492,41.0,0.8752054585697877,0.3992944526066324,0.7609677419354839,467.04,49.14000000000002,192.21,284.25,342.07000000000005,183.52,309.75,107.2,0.7511459221255448,0.10301886792452833,0.3682889442421919,0.5224703611800386,0.6975895260624848,0.3835318704284221,0.7039772727272727,0.4170557111733582
2014-10-18,297.0,0.3340909090909091,5.6937321388027,0.7577090173410402,27.399999999999995,28.433333333333334,28.066666666666666,28.15,28.700000000000006,28.700000000000006,28.15000000000001,27.83333333333333,29.16666666666667,28.8,28.9875,29.4,29.4,28.87499999999999,26.66666666666667,27.4,27.2,27.025,27.53333333333333,27.53333333333333,27.129999999999995,8.4375,8.76,3.988888888888889,6.788235294117648,4.447058823529412,6.262295081967213,31.550000000000004,38.16,21.6,23.876470588235303,13.952941176470587,24.122950819672127,0.07500000000000001,0.0,0.0,0.023529411764705882,1.0941176470588236,0.3213114754098361,5.125,3.1,3.0,4.352941176470588,2.3529411764705883,3.4918032786885247,42.0,0.09231072172767796,0.35561024208031355,0.7641290322580645,472.92,54.60000000000001,178.01999999999995,293.25,281.24,159.84,269.25,136.8,0.7606027952458305,0.11446540880503145,0.34109982755317103,0.5390129583677972,0.5735378089566849,0.3340438871473354,0.6119318181818182,0.5322128851540616
2014-10-25,213.0,0.1431818181818182,5.3612921657094255,0.7592734104046243,27.8,28.43333333333333,27.83333333333333,28.1875,28.33333333333333,28.33333333333333,28.135,29.2,29.766666666666666,29.0,29.4875,29.5,29.5,29.415000000000006,25.66666666666667,26.33333333333333,26.1,26.4625,26.399999999999995,26.399999999999995,26.26,3.1125,3.9099999999999993,1.5777777777777775,3.2705882352941167,1.494117647058823,2.609836065573772,17.2125,23.05,6.355555555555554,19.71764705882353,7.552941176470588,14.573770491803279,0.0,0.0,0.0,0.0,0.0,0.0,2.375,2.0,2.1111111111111107,2.0,2.117647058823529,2.098360655737705,43.0,0.6323107217276913,-0.5143897579196803,0.7672903225806452,511.56,63.84,184.47,351.0,306.5200000000001,136.89999999999998,347.25,97.2,0.8227479614648503,0.1338364779874214,0.35345851695727143,0.6451612903225807,0.625091769312342,0.2861024033437826,0.7892045454545454,0.3781512605042017
2014-11-01,186.0,0.08181818181818183,5.225746673713202,0.7608379190751443,27.866666666666664,28.566666666666666,28.133333333333336,28.7,28.83333333333333,28.83333333333333,28.49,29.23333333333333,29.66666666666667,29.0,29.575000000000006,29.66666666666667,29.66666666666667,29.465,26.83333333333333,27.633333333333336,27.33333333333333,28.0125,27.96666666666667,27.96666666666667,27.67,9.5875,7.409999999999998,7.811111111111112,3.294117647058824,7.576470588235292,6.654098360655737,54.96250000000001,27.829999999999995,37.3,15.29411764705882,36.21176470588235,31.627868852459017,0.0,0.0,0.0,0.0,0.0,0.0,1.875,3.4,2.4444444444444446,2.117647058823529,2.764705882352941,2.5245901639344264,44.0,1.2531496944495082,1.4236255792306487,0.7718,480.57,46.3,208.55,320.32000000000005,200.1,257.25,295.7999999999999,78.4,0.7729063801727326,0.0970649895178197,0.3995976240659129,0.5887694145758663,0.4080675422138836,0.5376175548589341,0.6722727272727271,0.3050108932461873
2014-11-08,169.0,0.04318181818181818,5.1298987149230735,0.7624023121387283,27.633333333333336,28.366666666666664,27.866666666666664,28.342857142857145,28.366666666666664,28.366666666666664,28.163157894736845,29.366666666666664,30.16666666666667,29.633333333333336,30.042857142857148,30.03333333333333,30.03333333333333,29.889473684210525,25.766666666666666,26.33333333333333,25.96666666666667,26.74285714285714,26.700000000000006,26.700000000000006,26.39473684210526,17.0375,13.36,12.911111111111113,7.01875,15.025,12.522033898305088,54.3875,51.92999999999999,43.27777777777778,33.537499999999994,60.7625,48.350847457627104,0.0,0.0,0.0,0.0,0.0,0.0,3.25,4.0,4.0,3.5,4.0,3.76271186440678,45.0,1.6776233786600372,0.1483624213359107,0.7844,439.9,43.2,194.79,301.8400000000001,178.01999999999995,290.25,344.0800000000001,88.48,0.7074963410907571,0.09056603773584906,0.3732324200038321,0.5548019483503356,0.3630393996247655,0.6065830721003135,0.7820000000000001,0.34422657952069713
2014-11-15,158.0,0.01818181818181818,5.062595033026967,0.7639668208092484,26.73333333333333,27.33333333333333,27.13333333333333,27.25714285714286,27.5,27.5,27.20526315789473,27.33333333333333,27.83333333333333,27.7,27.728571428571428,28.03333333333333,28.03333333333333,27.72631578947368,25.96666666666667,26.7,26.73333333333333,26.628571428571423,26.633333333333336,26.633333333333336,26.552631578947373,19.200000000000006,13.99,8.988888888888887,6.3125,6.675000000000002,9.867796610169497,64.2625,50.16,40.322222222222216,19.0875,28.450000000000006,36.25762711864406,0.25,0.06000000000000001,0.1111111111111111,0.2375,0.15,0.1661016949152543,5.75,4.8,5.222222222222221,5.25,5.625,5.3389830508474585,46.0,-0.4855345160768074,0.3062571581780205,0.797,451.52,43.6,195.65,378.84,210.45,288.0,364.48000000000013,42.0,0.7261849236856072,0.09140461215932914,0.3748802452577121,0.6963330576233803,0.4291744840525328,0.6018808777429467,0.8283636363636365,0.1633986928104575
2014-11-22,149.0,-0.002272727272727273,5.003946305945459,0.7655312138728324,26.53333333333333,27.066666666666666,26.96666666666667,27.014285714285716,27.23333333333333,27.23333333333333,26.97368421052632,27.4,28.266666666666666,27.8,27.814285714285717,28.53333333333333,28.53333333333333,27.931578947368422,25.399999999999995,25.6,25.633333333333336,25.67142857142857,25.53333333333333,25.53333333333333,25.589473684210525,6.4,9.48,4.699999999999998,7.074999999999998,6.047058823529412,6.738333333333335,24.887500000000006,39.78999999999999,19.555555555555557,28.13125,19.235294117647054,25.834999999999994,0.0,0.0,0.0,0.025,0.047058823529411764,0.02,3.0,3.2,3.0,3.5,3.294117647058824,3.25,47.0,-0.2802713581820697,-0.6569007365588249,0.8096000000000001,449.86,41.9,210.27000000000004,351.89,194.58,289.5,326.4000000000001,140.56,0.7235151261720572,0.08784067085953877,0.4028932745736731,0.6467971693778146,0.3968105065666041,0.6050156739811913,0.7418181818181819,0.5468409586056645
2014-11-29,162.0,0.027272727272727268,5.087596335232384,0.7670956069364164,26.866666666666664,27.43333333333333,27.433333333333334,27.24285714285714,27.5,27.5,27.2842105263158,27.7,28.133333333333336,27.866666666666664,28.142857142857146,28.399999999999995,28.399999999999995,28.068421052631567,25.566666666666666,26.23333333333333,26.5,26.442857142857147,26.8,26.8,26.336842105263155,9.8875,16.44,6.833333333333332,12.6,18.694117647058825,13.740000000000002,34.8625,46.24,25.91111111111111,38.575,61.352941176470594,43.91166666666666,0.05,0.04,0.10000000000000002,0.18750000000000006,0.03529411764705883,0.08833333333333335,4.875,4.9,5.222222222222221,4.5625,4.411764705882354,4.716666666666667,48.0,-0.14342925291891714,0.09046768449380592,0.8222,458.16,44.4,203.13,305.37,254.44,317.57999999999987,319.36,87.36000000000001,0.7368641137398073,0.0930817610062893,0.38921249281471537,0.5612903225806453,0.5188840851619219,0.6636990595611284,0.7258181818181818,0.33986928104575165
2014-12-06,212.0,0.1409090909090909,5.356586274672011,0.7686601156069364,27.1,27.8,27.266666666666666,27.700000000000006,27.73333333333333,27.73333333333333,27.56499999999999,28.4,29.3,28.46666666666667,29.1625,29.3,29.3,28.985000000000007,25.53333333333333,26.2,25.899999999999995,26.287500000000005,26.23333333333333,26.23333333333333,26.095,11.75,7.809999999999998,9.088888888888887,7.870588235294116,7.235294117647058,8.372131147540983,60.475,40.95,30.077777777777772,34.311764705882354,34.05882352941177,38.13606557377047,0.0,0.0,0.0,0.0,0.0,0.0,1.25,1.0,1.5555555555555556,1.1176470588235294,1.2352941176470589,1.213114754098361,49.0,1.1693839768113143,0.2978655953219871,0.8243870967741935,468.12,47.40000000000001,257.55,267.02000000000004,250.04,318.24,366.46,84.84,0.7528828988211075,0.09937106918238994,0.4934853420195439,0.4908004778972522,0.5099110857329309,0.6650783699059561,0.8328636363636364,0.3300653594771242
2014-12-13,177.0,0.06136363636363636,5.17614973257383,0.7702245086705204,27.4,27.866666666666664,27.633333333333336,27.4375,27.73333333333333,27.73333333333333,27.570000000000004,28.2,28.4,28.2,28.325,28.6,28.6,28.34,26.8,27.133333333333336,26.633333333333336,26.8375,26.96666666666667,26.96666666666667,26.865,8.575,4.47,6.433333333333334,12.958823529411767,14.24705882352941,10.388524590163932,35.0,14.77,36.66666666666666,40.28235294117647,42.423529411764704,35.47049180327869,0.025,0.0,0.0,0.5294117647058824,0.0,0.15081967213114755,3.375,2.6,2.2222222222222223,3.2352941176470584,2.647058823529412,2.836065573770492,50.0,0.5243839768113077,1.0678655953219902,0.8248387096774193,491.35999999999984,40.2,189.72000000000003,295.4600000000001,197.6,208.08,299.2999999999999,59.92,0.7902600640108077,0.08427672955974844,0.3635179153094462,0.5430750850105689,0.4029692470837752,0.43485893416927895,0.6802272727272726,0.23311546840958605
2014-12-20,198.0,0.10909090909090907,5.288267030694535,0.7717890173410404,26.7,27.16666666666667,27.0,26.8625,27.1,27.1,26.940000000000005,28.16666666666667,28.7,28.600000000000005,27.9875,28.3,28.3,28.26,24.866666666666664,25.23333333333333,25.23333333333333,25.1375,25.066666666666666,25.066666666666666,25.115,12.175,10.32,9.4,14.917647058823528,16.325,13.333333333333336,43.4375,36.00000000000001,29.555555555555557,50.505882352941185,53.0125,44.67166666666665,0.0,0.0,0.0,0.14117647058823532,0.0375,0.05,5.0,4.5,3.0,5.0,4.9375,4.6,51.0,0.4443839768113129,-0.6821344046780098,0.8252903225806452,496.33999999999986,47.0,220.32,264.65000000000003,250.04,187.2,286.16,65.80000000000001,0.7982694565514579,0.09853249475890984,0.4221498371335504,0.4864442606378091,0.5099110857329311,0.3912225705329153,0.6503636363636363,0.2559912854030501
2014-12-27,188.0,0.08636363636363636,5.236441962829949,0.7733534104046245,26.33333333333333,26.63333333333333,26.46666666666667,26.312500000000004,26.5,26.5,26.415000000000006,27.066666666666666,27.43333333333333,27.2,27.175000000000004,27.4,27.4,27.235,25.066666666666666,25.23333333333333,25.43333333333333,25.1875,25.23333333333333,25.23333333333333,25.22,10.1625,13.260000000000002,16.711111111111116,15.852941176470587,22.625,16.59666666666667,48.175,55.53,71.48888888888888,47.635294117647064,70.03750000000001,58.57500000000001,0.0,0.08,0.6777777777777777,0.03529411764705883,0.075,0.14499999999999996,3.0,5.1,6.111111111111112,3.4117647058823533,5.1875,4.516666666666667,52.0,-0.5806160231886928,-0.5771344046780129,0.8257419354838709,464.8,46.540000000000006,224.91,281.34000000000003,309.62,278.08,283.15,41.81,0.7475433037940074,0.09756813417190777,0.43094462540716605,0.5171215880893302,0.6314136552736764,0.5811494252873562,0.6435227272727272,0.16265950824774353
2015-01-03,158.0,0.01818181818181818,5.062595033026967,0.7748676300578035,26.1,26.366666666666664,26.16666666666667,26.25,26.366666666666664,26.366666666666664,26.25,27.066666666666666,27.23333333333333,26.93333333333333,27.375,27.399999999999995,27.399999999999995,27.245,25.1,25.5,25.433333333333334,25.325,25.46666666666667,25.46666666666667,25.355,0.4875,0.8200000000000001,0.8888888888888888,1.3,1.2437499999999997,1.0349999999999997,2.0625,3.26,3.355555555555556,7.105882352941176,5.450000000000001,4.788333333333332,0.0,0.0,0.0,0.0,0.0,0.0,2.0,1.9,2.0,1.9411764705882355,2.0,1.9666666666666663,1.0,-0.34208416488512583,-0.3805470000395914,0.8211612903225806,454.83999999999986,45.0,231.03,339.45,273.06,297.44,273.0,15.19,0.7315245187127072,0.09433962264150944,0.4426710097719869,0.6239316239316239,0.5568561872909699,0.6216091954022989,0.6204545454545455,0.0590958605664488
2015-01-10,257.0,0.2431818181818182,5.54907608489522,0.7763149132947981,26.3,26.73333333333333,26.3,26.775,26.73333333333333,26.73333333333333,26.62,27.73333333333333,28.16666666666667,27.6,28.0125,28.100000000000005,28.100000000000005,27.945,24.73333333333333,25.1,24.96666666666667,25.1,25.133333333333336,25.133333333333336,25.03,10.4,7.340000000000002,8.566666666666666,4.464705882352941,12.10625,8.388333333333337,40.8875,34.440000000000005,34.14444444444445,16.894117647058827,45.96250000000001,33.35666666666665,0.0,0.0,0.0,0.0,0.0,0.0,5.0,4.5,5.222222222222221,3.647058823529412,4.9375,4.55,2.0,0.357915835114877,-0.7055470000395943,0.8098709677419355,501.32,47.40000000000001,215.22,310.25,317.34,319.44,267.75,69.75,0.8062788490921079,0.09937106918238994,0.4123778501628664,0.5702600863891187,0.6471571906354514,0.6675862068965517,0.6085227272727273,0.2713585434173669
2015-01-17,228.0,0.17727272727272728,5.429345628954442,0.7777621965317917,27.1,27.3,26.96666666666667,27.399999999999995,27.366666666666664,27.366666666666664,27.27,27.46666666666667,27.566666666666666,27.366666666666664,27.8375,27.63333333333333,27.63333333333333,27.64,26.7,26.899999999999995,26.566666666666666,26.5125,26.8,26.8,26.649999999999995,0.275,0.15,0.011111111111111113,2.2117647058823526,1.6875,1.14,1.85,0.92,0.13333333333333333,15.370588235294118,9.35,7.268333333333333,0.0,0.0,0.0,0.0,0.0,0.0,0.625,1.0,0.2222222222222222,1.2941176470588236,1.875,1.15,3.0,0.052915835114873744,0.9144529999604032,0.7985806451612903,444.88,51.0,188.19,235.06000000000003,205.82,234.08,235.5,45.88,0.715505733631407,0.1069182389937107,0.36058631921824097,0.4320558772171677,0.4197324414715719,0.4891954022988505,0.5352272727272728,0.17849361967009025
2015-01-24,237.0,0.19772727272727272,5.468060141135132,0.7792095953757223,26.53333333333333,26.566666666666666,26.66666666666667,26.9125,26.766666666666666,26.766666666666666,26.745000000000005,26.7,26.8,26.933333333333334,27.15,27.0,27.0,26.975,26.366666666666664,26.133333333333336,26.43333333333333,26.55,26.33333333333333,26.33333333333333,26.410000000000004,4.85,3.5,0.6333333333333333,3.476470588235294,1.9125,2.82,32.83750000000001,24.130000000000006,4.344444444444445,24.017647058823535,13.20625,19.378333333333334,0.0,0.0,0.0,0.0,0.0,0.0,1.25,1.4,0.7777777777777778,1.1176470588235294,1.0625,1.1166666666666667,4.0,-0.6120841648851219,0.6744529999604119,0.7872903225806451,463.97,46.8,207.06,344.56,223.86,300.96,273.75,59.21,0.7462084050372324,0.0981132075471698,0.3967426710097719,0.6333241430015624,0.4565217391304347,0.6289655172413793,0.6221590909090909,0.23035325241207594
2015-01-31,259.0,0.24772727272727274,5.556828061699537,0.7806568786127169,26.83333333333333,26.96666666666667,26.83333333333333,27.2375,27.133333333333336,27.133333333333336,27.06,27.16666666666667,27.23333333333333,27.1,27.55,27.433333333333334,27.433333333333334,27.36,26.46666666666667,26.633333333333336,26.366666666666664,26.875,26.866666666666664,26.866666666666664,26.7,0.2375,0.1,0.011111111111111113,0.4882352941176471,0.15882352941176472,0.22950819672131145,1.275,0.78,0.08888888888888889,3.0411764705882347,1.0941176470588236,1.4606557377049176,0.0,0.0,0.0,0.0,0.0,0.0,0.875,0.3,0.1111111111111111,0.6470588235294118,0.7647058823529411,0.5737704918032787,5.0,-0.2270841648851274,0.9644529999604076,0.7759999999999999,495.37,40.78,241.19000000000003,408.63,229.35,248.16000000000003,199.93,116.65,0.7967093941489618,0.08549266247379456,0.4621383406782909,0.7510890543148608,0.4677175952361529,0.5186206896551725,0.4543863636363637,0.4538204170557111
2015-02-07,212.0,0.1409090909090909,5.356586274672011,0.7821041618497105,26.133333333333336,26.3,26.133333333333336,26.325000000000006,26.366666666666664,26.366666666666664,26.270000000000003,26.66666666666667,26.83333333333333,26.7,26.95,26.9,26.9,26.845,25.266666666666666,25.6,25.7,25.725,25.73333333333333,25.73333333333333,25.635,3.1375,2.31,2.855555555555556,2.9588235294117644,2.4000000000000004,2.7049180327868854,13.7,11.07,15.97777777777778,15.352941176470587,9.658823529411764,12.93934426229508,0.0,0.0,0.0,0.0,0.0,0.0,1.375,2.3,2.1111111111111107,1.2941176470588236,1.5294117647058822,1.6557377049180328,6.0,-0.9161594728800536,-0.7091374989389685,0.7705,475.26,45.10000000000001,243.27000000000004,323.19,225.0,267.3,194.48,120.9,0.7643662447528828,0.09454926624737947,0.4661237785016287,0.594044665012407,0.4588465617097642,0.5586206896551724,0.4420000000000001,0.4703548085901027
2015-02-14,173.0,0.05227272727272727,5.153291594497778,0.7835514450867052,26.43333333333333,26.53333333333333,26.43333333333333,26.8375,26.73333333333333,26.73333333333333,26.655,26.566666666666666,26.633333333333336,26.63333333333333,27.0,26.8,26.8,26.795000000000005,26.23333333333333,26.366666666666664,26.2,26.675,26.66666666666667,26.66666666666667,26.49,0.0,0.0,0.0,0.011764705882352941,0.011764705882352941,0.006557377049180328,0.0,0.0,0.0,0.05882352941176471,0.09411764705882353,0.042622950819672135,0.0,0.0,0.0,0.0,0.0,0.0,0.0,0.0,0.0,0.17647058823529413,0.05882352941176471,0.06557377049180327,7.0,-0.9661594728800472,0.14586250106103196,0.765,471.7,36.0,260.23,438.21,350.25,231.66,207.4,129.48000000000002,0.7586406549045467,0.07547169811320754,0.4986204253688445,0.8054590570719604,0.7142711477281997,0.4841379310344828,0.4713636363636364,0.503734827264239
2015-02-21,100.0,-0.11363636363636365,4.605170185988092,0.7849987283236999,27.266666666666666,27.3,27.03333333333333,27.4125,27.366666666666664,27.366666666666664,27.31,27.7,27.8,27.5,27.912499999999994,27.866666666666664,27.866666666666664,27.795000000000005,26.5,26.6,26.33333333333333,26.6,26.66666666666667,26.66666666666667,26.555,0.6874999999999999,2.51,2.2777777777777777,4.635294117647058,3.888235294117647,3.21311475409836,4.3125,17.48,15.944444444444445,27.54705882352941,27.24705882352941,21.054098360655736,0.0,0.0,0.0,0.0,0.0,0.0,1.125,1.0,1.0,1.5294117647058822,1.0,1.1639344262295082,8.0,0.03384052711995267,0.2108625010610261,0.7595000000000001,555.36,48.90000000000001,258.11,392.85,280.5,294.36,337.28,141.57,0.8931920163404474,0.10251572327044026,0.4945583445104426,0.7220843672456577,0.5720287135981728,0.6151724137931035,0.7665454545454545,0.5507703081232492
2015-02-28,172.0,0.05,5.147494476813453,0.7864460115606934,27.433333333333334,27.53333333333333,27.366666666666664,27.775,27.633333333333336,27.633333333333336,27.605,28.2,28.2,28.0,28.65,28.43333333333333,28.43333333333333,28.385,26.96666666666667,27.16666666666667,26.866666666666664,27.35,27.2,27.2,27.17,3.1125000000000003,1.5699999999999998,0.03333333333333333,2.341176470588235,2.147058823529412,1.921311475409836,19.6875,10.44,0.2333333333333333,12.023529411764706,15.023529411764708,11.865573770491805,0.0,0.0,0.0,0.0,0.0,0.0,1.125,1.1,0.2222222222222222,1.4705882352941178,1.0,1.0491803278688523,9.0,0.623840527119949,0.8258625010610281,0.754,442.77,42.93,221.54,404.25,250.76,218.18,251.40000000000003,73.92,0.7121121958280393,0.09,0.42448744970300817,0.743038323683485,0.5113793947304022,0.4559665621734588,0.5713636363636364,0.2875816993464052
2015-03-07,190.0,0.09090909090909093,5.247024072160486,0.7878932947976881,27.96666666666667,28.066666666666666,27.73333333333333,28.0125,28.03333333333333,28.03333333333333,27.975,28.33333333333333,28.46666666666667,28.2,28.6875,28.53333333333333,28.53333333333333,28.505000000000006,27.566666666666666,27.4,27.16666666666667,26.9375,27.3,27.3,27.19000000000001,0.225,3.69,1.7333333333333334,3.541176470588236,0.7882352941176469,2.09672131147541,1.6,25.320000000000004,11.788888888888891,22.623529411764704,5.4941176470588236,13.936065573770492,0.0,0.0,0.0,0.0,0.0,0.0,0.75,1.1,1.2222222222222223,1.4705882352941178,0.8823529411764706,1.1147540983606556,10.0,0.11592509407421048,0.5048460824425689,0.7549032258064517,459.36,43.38,191.33,460.32,248.93,221.92,285.64,37.68,0.7387940878459881,0.09094339622641508,0.3666027974707798,0.8460987041632203,0.5076474426951627,0.4637826541274818,0.6491818181818182,0.14659197012138184
2015-03-14,110.0,-0.09090909090909093,4.700480365792417,0.7893405780346816,27.366666666666664,27.6,27.33333333333333,27.3375,27.53333333333333,27.53333333333333,27.41,28.03333333333333,28.33333333333333,28.133333333333336,28.1625,28.16666666666667,28.16666666666667,28.165000000000006,25.63333333333333,25.8,25.43333333333333,25.775,26.066666666666666,26.066666666666666,25.75,3.3875,1.96,4.366666666666667,9.66470588235294,5.529411764705883,5.644262295081966,14.65,11.07,21.95555555555556,41.00588235294118,23.717647058823534,25.01311475409837,0.0,0.0,0.0,0.0,0.0,0.0,2.0,1.6,2.7777777777777777,3.5294117647058822,1.5882352941176472,2.360655737704918,11.0,-0.22407490592578935,-0.9351539175574396,0.7558064516129032,424.56000000000006,39.96,272.42,418.32,179.57999999999996,233.6,201.28,39.84,0.6828248387667467,0.08377358490566038,0.5219773903046561,0.7688999172870141,0.3662207357859532,0.4881922675026122,0.4574545454545455,0.15499533146591968
2015-03-21,91.0,-0.1340909090909091,4.51085950651685,0.7907878612716763,28.03333333333333,28.16666666666667,27.9,28.275,28.16666666666667,28.16666666666667,28.15,28.46666666666667,28.6,28.23333333333333,28.725,28.6,28.6,28.575,27.433333333333334,27.66666666666667,27.566666666666666,27.224999999999994,27.600000000000005,27.600000000000005,27.43,7.862500000000002,6.68,1.4888888888888892,2.135294117647059,2.8117647058823527,3.7245901639344257,33.2,25.91,7.266666666666667,12.558823529411766,13.776470588235293,17.01311475409836,0.0,0.0,0.0,0.0,0.0,0.0,2.625,2.5,0.7777777777777778,1.3529411764705883,1.3529411764705883,1.6229508196721312,12.0,0.1859250940742072,0.7448460824425602,0.7567096774193548,407.16,37.08,183.91,336.0,260.61,259.15000000000003,190.92,26.64,0.6548402142271258,0.07773584905660377,0.3523855144663728,0.6175902950096499,0.5314666775430297,0.5415882967607106,0.43390909090909097,0.10364145658263303
2015-03-28,130.0,-0.045454545454545456,4.867534450455582,0.7922351445086709,28.066666666666666,28.266666666666666,28.23333333333333,28.4625,28.399999999999995,28.399999999999995,28.330000000000005,28.73333333333333,28.766666666666666,28.73333333333333,29.2,28.93333333333333,28.93333333333333,28.955,26.53333333333333,27.066666666666666,27.1,27.3375,27.33333333333333,27.33333333333333,27.140000000000004,8.162500000000001,9.47,2.2666666666666666,5.241176470588235,6.447058823529412,6.214754098360657,50.1625,63.11,14.266666666666667,29.382352941176478,42.71764705882352,39.12295081967215,0.0,0.0,0.0,0.0,0.0,0.0,1.5,1.3,1.3333333333333333,1.1764705882352942,1.4117647058823528,1.3278688524590163,13.0,0.5659250940742098,0.4548460824425646,0.7576129032258065,445.9500000000001,29.62,206.85,380.52,375.33,263.85,301.36,36.92,0.7172266272094183,0.0620964360587002,0.39634029507568497,0.6994210090984285,0.7654172444734479,0.55141065830721,0.6849090909090909,0.14363523187052601
2015-04-04,91.0,-0.1340909090909091,4.51085950651685,0.7936824277456646,27.2,27.8,27.46666666666667,27.625,27.866666666666664,27.866666666666664,27.600000000000005,28.366666666666664,28.866666666666664,28.5,28.725,28.96666666666667,28.96666666666667,28.695,26.46666666666667,26.8,26.73333333333333,26.725,26.8,26.8,26.71,16.125,11.39,5.866666666666666,10.788235294117648,12.6,11.365573770491805,41.325,32.39,20.055555555555557,33.47647058823529,46.470588235294116,35.96885245901638,0.0,0.04,0.0,0.0,0.0,0.006557377049180328,5.0,4.2,3.111111111111111,3.5294117647058822,2.9411764705882355,3.60655737704918,14.0,-0.08692415471665171,-0.18235640114877327,0.7597333333333333,516.0,36.40000000000001,276.64,384.72,205.19,298.68,314.96,20.0,0.8298888656577191,0.07631027253668764,0.5300632305039278,0.7071408877860491,0.4184476710987845,0.6242006269592477,0.7158181818181818,0.0778089013383131
2015-04-11,107.0,-0.09772727272727272,4.672828834461906,0.7951297109826592,28.23333333333333,28.633333333333336,28.43333333333333,28.6375,28.83333333333333,28.83333333333333,28.575,29.133333333333336,29.26666666666667,29.066666666666666,29.45,29.16666666666667,29.16666666666667,29.27500000000001,26.866666666666664,27.73333333333333,27.5,27.7375,28.46666666666667,28.46666666666667,27.68000000000001,7.6375,4.15,1.3666666666666665,3.7352941176470584,1.9294117647058824,3.4622950819672136,40.5125,20.880000000000006,6.9222222222222225,15.876470588235293,8.494117647058824,16.549180327868854,0.0,0.02,0.0,0.0,0.0,0.003278688524590164,2.0,2.4,1.7777777777777777,1.9411764705882355,2.0588235294117645,2.0327868852459017,15.0,0.4930758452833537,0.7876435988512362,0.7627666666666666,451.5,38.90000000000001,283.92,399.83999999999986,255.6,288.8,239.94,55.8,0.7261527574505042,0.08155136268343817,0.5440122628856101,0.7349324510614832,0.5212496941022922,0.6035527690700104,0.5453181818181817,0.2170868347338936
2015-04-18,137.0,-0.029545454545454545,4.919980925828125,0.7965769942196528,28.633333333333336,29.2,28.9,29.000000000000004,29.200000000000006,29.200000000000006,28.99,29.33333333333333,29.66666666666667,29.23333333333333,29.687500000000004,29.633333333333336,29.633333333333336,29.555,26.933333333333334,28.2,28.366666666666664,27.9625,28.66666666666667,28.66666666666667,28.01,2.8125,0.86,0.43333333333333335,3.123529411764706,1.4294117647058824,1.8426229508196732,19.0125,4.55,2.9777777777777774,14.29411764705882,7.817647058823531,9.840983606557376,0.0,0.0,0.0,0.0,0.0,0.0,1.375,0.9,0.5555555555555556,1.5294117647058822,1.0,1.1147540983606556,16.0,0.7730758452833442,1.117643598851231,0.7658,473.0,40.4,266.76,286.44,254.89,244.72,212.66,65.80000000000001,0.7607314601862424,0.08469601677148847,0.5111324008430733,0.5264957264957265,0.5198017782853414,0.5114315569487983,0.4833181818181818,0.2559912854030501
2015-04-25,113.0,-0.08409090909090909,4.727387818712341,0.7980242774566474,27.4,28.266666666666666,28.2,27.950000000000006,28.2,28.2,27.99,27.8,28.96666666666667,28.866666666666664,28.9625,29.46666666666667,29.46666666666667,28.85,26.8,27.66666666666667,27.53333333333333,27.25,27.3,27.3,27.295,7.587499999999999,9.78,4.911111111111111,11.023529411764708,10.688235294117648,9.37377049180328,25.6375,36.21,22.933333333333334,32.2764705882353,36.6,31.877049180327862,0.0,0.0,0.0,0.0,0.0,0.0,3.625,3.1,1.4444444444444444,4.882352941176472,4.470588235294118,3.80327868852459,17.0,0.06807584528334942,0.4026435988512276,0.7688333333333333,431.16000000000014,34.260000000000005,261.04,340.71,243.04,325.28,220.52,97.91,0.6934396963507408,0.0718238993710692,0.5001724468288944,0.6262475875379101,0.4956358593686272,0.679791013584117,0.5011818181818182,0.3809134765017118
2015-05-02,120.0,-0.06818181818181818,4.787491742782046,0.799471560693642,27.36666666666667,27.866666666666664,27.7,27.9,27.83333333333333,27.83333333333333,27.775,27.866666666666664,28.466666666666665,28.366666666666664,28.5875,28.53333333333333,28.53333333333333,28.42,26.9,27.43333333333333,27.133333333333336,27.362500000000004,27.399999999999995,27.399999999999995,27.274999999999995,11.037499999999998,11.999999999999998,6.644444444444443,9.24705882352941,10.358823529411763,9.859016393442623,44.6,59.11999999999999,24.81111111111111,44.74117647058823,30.364705882352943,40.1327868852459,0.05,0.02,0.022222222222222227,0.0,0.023529411764705882,0.019672131147540985,4.25,3.3,3.4444444444444446,3.4705882352941178,4.411764705882354,3.80327868852459,18.0,-0.9416399281803152,-0.07043806835096689,0.7721612903225805,479.6,49.56,288.0,375.99,313.56000000000006,280.44,208.68,99.64,0.7713463177702367,0.1038993710691824,0.5518298524621574,0.6910945685139235,0.6394485683987275,0.5860815047021943,0.4742727272727273,0.3876439464674758
2015-05-09,135.0,-0.03409090909090909,4.90527477843843,0.8009189595375726,27.8,28.5,28.066666666666666,28.614285714285717,28.6,28.6,28.378947368421056,28.93333333333333,29.633333333333336,29.133333333333336,29.342857142857145,29.26666666666667,29.26666666666667,29.27894736842105,26.53333333333333,26.93333333333333,26.7,27.185714285714283,26.8,26.8,26.90526315789474,12.012499999999998,10.744444444444444,7.677777777777778,11.39375,10.517647058823528,10.559322033898304,71.85,48.26666666666666,33.622222222222234,63.2625,50.9470588235294,54.06949152542373,0.0,0.0,0.0,0.0,0.0,0.0,2.125,2.2222222222222223,3.2222222222222223,2.0,1.0588235294117647,1.9661016949152543,19.0,-0.08269255975926271,-0.44017491045622137,0.7762258064516129,436.48,55.08,249.6,385.12,178.22000000000003,291.0800000000001,219.04,54.52,0.7019959148881421,0.11547169811320755,0.4782525388005364,0.7078761143277272,0.3634472632351742,0.6083176593521422,0.4978181818181817,0.21210706504824148
2015-05-16,158.0,0.01818181818181818,5.062595033026967,0.8023662427745663,28.26666666666667,29.100000000000005,28.7,29.0,29.03333333333333,29.03333333333333,28.857894736842102,29.96666666666667,30.33333333333333,29.66666666666667,30.2,29.9,29.9,30.052631578947373,26.53333333333333,27.2,27.16666666666667,27.271428571428572,27.366666666666664,27.366666666666664,27.14210526315789,7.35,6.977777777777778,5.911111111111111,4.925,3.852941176470588,5.408474576271187,28.1375,31.53333333333333,37.1,21.63125,24.588235294117645,27.235593220338988,0.0,0.0,0.0,0.0,0.0,0.0,4.375,2.888888888888889,2.1111111111111107,2.4375,1.7647058823529411,2.5254237288135597,20.0,0.6909916507670566,-0.20333280519306385,0.7802903225806452,419.76,58.8,321.92,423.3,221.1,287.2800000000001,297.48,71.44,0.6751049423420236,0.12327044025157233,0.6168231461965893,0.7780534877309072,0.450893221306795,0.6003761755485894,0.676090909090909,0.2779333955804544
2015-05-23,109.0,-0.0931818181818182,4.691347882229144,0.8038135260115609,27.83333333333333,28.8,28.5,28.771428571428572,28.83333333333333,28.83333333333333,28.59473684210527,28.566666666666666,29.73333333333333,29.133333333333336,29.62857142857143,29.566666666666666,29.566666666666666,29.389473684210518,26.6,27.133333333333336,27.0,26.942857142857147,26.766666666666666,26.766666666666666,26.9,10.35,6.422222222222223,6.966666666666668,8.23125,5.523529411764708,7.269491525423731,36.5125,27.52222222222223,37.35555555555555,34.025,27.62352941176471,32.033898305084755,0.1,0.0,0.0,0.0,0.0,0.013559322033898306,4.75,1.3333333333333333,1.4444444444444444,2.25,1.6470588235294117,2.152542372881356,21.0,0.02783375603020488,-0.4454380683509598,0.7843548387096775,467.28,49.56,309.76,427.45,194.97,293.36,197.58,101.99,0.7515319169467808,0.1038993710691824,0.5935236635370761,0.785681463100818,0.39760584060690096,0.6130825496342738,0.4490454545454545,0.3967864923747277
2015-05-30,180.0,0.06818181818181818,5.1929568508902095,0.8052608092485545,28.53333333333333,29.23333333333333,28.83333333333333,29.185714285714283,29.133333333333336,29.133333333333336,29.02631578947368,30.0,30.366666666666664,29.700000000000006,30.114285714285714,29.9,29.9,30.036842105263162,27.266666666666666,28.433333333333334,28.16666666666667,28.5,28.566666666666666,28.566666666666666,28.252631578947376,2.2875,2.4111111111111114,0.8888888888888888,0.475,1.964705882352941,1.5084745762711862,13.599999999999998,15.1,5.911111111111111,2.9375,13.482352941176472,9.730508474576274,0.0,0.0,0.0,0.0,0.0,0.0,2.125,1.7777777777777777,0.8888888888888888,1.3125,1.4117647058823528,1.4576271186440677,22.0,0.6752021770828485,0.9071935105964144,0.7884193548387097,454.5,51.96,386.52,320.79,330.65,240.44,346.42,103.02,0.7309776927159559,0.10893081761006287,0.7406016478252538,0.5896333057623381,0.6743005139081488,0.5024869383490073,0.7873181818181818,0.4007936507936508
2015-06-06,152.0,0.004545454545454545,5.0238805208462765,0.8067080924855491,28.4,29.43333333333333,28.93333333333333,28.987500000000004,29.3,29.3,29.004999999999995,28.9,29.93333333333333,29.43333333333333,29.525,29.73333333333333,29.73333333333333,29.51,27.0,27.96666666666667,28.066666666666666,27.9625,28.766666666666666,28.766666666666666,27.955,3.5125,2.79,1.1444444444444446,3.4058823529411764,0.8823529411764705,2.2819672131147546,12.7875,18.34,7.111111111111112,17.347058823529412,5.694117647058825,12.15409836065574,0.0,0.0,0.0,0.0,0.0,0.0,2.0,1.2,1.0,1.6470588235294117,1.0588235294117647,1.360655737704918,23.0,0.3084703497248711,0.9006464917081978,0.7828,380.69999999999993,42.96,314.8400000000001,237.8,303.0,338.4000000000001,311.08,135.32999999999998,0.6122842851858403,0.090062893081761,0.603257328990228,0.4370921790276629,0.6179133697691492,0.7072100313479625,0.7070000000000001,0.5264939309056955
2015-06-13,193.0,0.09772727272727272,5.2626901889048865,0.8081553757225438,27.43333333333333,28.4,28.066666666666666,28.1,28.133333333333336,28.133333333333336,28.045,28.4,29.366666666666664,28.93333333333333,29.15,29.0,29.0,29.015000000000004,26.066666666666666,26.96666666666667,26.96666666666667,26.9,27.066666666666666,27.066666666666666,26.819999999999997,4.4750000000000005,2.19,4.277777777777779,9.75294117647059,5.329411764705882,5.780327868852459,24.8,8.34,18.477777777777774,38.66470588235294,19.341176470588238,23.51147540983607,0.0,0.0,0.0,0.0,0.0,0.0,3.125,2.0,2.2222222222222223,2.3529411764705883,2.588235294117647,2.442622950819672,24.0,-0.1865296502751264,-0.2343535082918109,0.7755666666666667,409.5,52.2,362.44000000000005,337.84,274.5,247.5,398.86,63.57000000000001,0.6586036637341782,0.10943396226415092,0.6944625407166124,0.6209723371013693,0.5597928052859124,0.5172413793103449,0.9065,0.2473155929038282
2015-06-20,207.0,0.12954545454545455,5.332718793265369,0.8096026589595373,27.8,28.566666666666666,28.26666666666667,28.2875,28.4,28.4,28.270000000000003,29.6,30.133333333333336,29.53333333333333,29.5375,29.6,29.6,29.645,26.133333333333336,26.866666666666664,26.73333333333333,26.6875,26.73333333333333,26.73333333333333,26.64499999999999,3.925,1.99,1.5333333333333334,5.188235294117646,1.4764705882352942,2.9245901639344263,16.175,9.48,7.177777777777778,31.55882352941176,8.75294117647059,15.968852459016393,0.0,0.0,0.0,0.0,0.0,0.0,1.625,2.2,3.6666666666666665,1.2941176470588236,1.8823529411764703,2.0,25.0,0.4434703497248691,-0.4093535082918116,0.7683333333333333,420.3,55.44,363.12,346.04,364.5,287.1,294.14,163.79999999999995,0.6759734306898049,0.11622641509433962,0.6957654723127035,0.6360444812057715,0.743331429969818,0.6,0.6685,0.6372549019607842
2015-06-27,240.0,0.20454545454545456,5.48063892334199,0.811049942196532,29.8,30.266666666666666,29.7,29.675,29.66666666666667,29.66666666666667,29.78500000000001,30.1,30.46666666666667,29.966666666666665,29.9,29.83333333333333,29.83333333333333,30.015,29.46666666666667,29.96666666666667,29.366666666666664,29.5375,29.53333333333333,29.53333333333333,29.56499999999999,0.1875,0.0,0.0,0.12941176470588234,0.0,0.060655737704918035,1.35,0.0,0.0,0.8647058823529412,0.0,0.4180327868852459,0.0,0.0,0.0,0.0,0.0,0.0,0.25,0.0,0.0,0.4705882352941176,0.0,0.16393442622950818,26.0,0.8134703497248665,2.5106464917081865,0.7611,458.35,43.5,291.9500000000001,327.22,299.22,359.6500000000001,310.48,39.0,0.7371696929732859,0.09119496855345913,0.5593983521747461,0.6014520724198145,0.6102047475324252,0.7516196447230931,0.7056363636363637,0.15172735760971054
2015-07-04,242.0,0.20909090909090908,5.488937726156687,0.8124972254335255,28.73333333333333,29.46666666666667,28.83333333333333,29.025,29.03333333333333,29.03333333333333,29.01999999999999,29.7,30.366666666666664,29.5,29.8375,29.83333333333333,29.83333333333333,29.845,27.0,27.66666666666667,27.16666666666667,27.4125,27.366666666666664,27.366666666666664,27.34500000000001,3.4,5.51,5.144444444444446,3.5882352941176467,3.9235294117647057,4.201639344262294,18.3875,33.26,29.11111111111111,17.77058823529412,23.85882352941177,23.760655737704926,0.0,0.0,0.0,0.0,0.0,0.0,1.5,1.0,1.2222222222222223,1.2941176470588236,1.0588235294117647,1.1967213114754098,27.0,0.978076449855184,0.496789547204596,0.7568387096774194,489.6,47.24999999999999,295.74,380.00000000000006,326.04,211.05,230.52,107.2,0.7874294353217427,0.0990566037735849,0.5666602797470779,0.698465214594247,0.6648992576882291,0.4410658307210032,0.5239090909090909,0.4170557111733582
2015-07-11,272.0,0.2772727272727273,5.605802066295998,0.8139445086705203,28.76666666666667,29.53333333333333,28.96666666666667,29.15,29.066666666666666,29.066666666666666,29.110000000000007,29.2,29.83333333333333,29.33333333333333,29.4625,29.33333333333333,29.33333333333333,29.44,27.933333333333334,28.866666666666664,28.33333333333333,28.725,28.5,28.5,28.535000000000004,1.3250000000000002,2.83,2.8888888888888893,2.041176470588235,4.0588235294117645,2.7639344262295085,6.7125,9.599999999999998,11.133333333333335,8.976470588235298,17.77058823529412,11.55081967213115,0.0,0.0,0.0,0.0,0.0,0.0,2.125,4.9,4.0,2.9411764705882355,3.3529411764705883,3.4262295081967213,28.0,0.5730764498551828,1.6867895472045935,0.7548064516129033,476.85,41.39999999999999,259.17,351.12,254.76,215.07000000000005,249.56000000000003,70.4,0.7669234604435724,0.08679245283018866,0.4965893849396436,0.6453818582850842,0.5195366669385758,0.4494670846394985,0.5671818181818182,0.2738873327108621
2015-07-18,263.0,0.25681818181818183,5.572154032177764,0.8153917919075149,28.8,29.5,29.03333333333333,29.075000000000006,29.133333333333336,29.133333333333336,29.099999999999994,29.33333333333333,29.9,29.600000000000005,29.512500000000006,29.53333333333333,29.53333333333333,29.559999999999995,27.9,28.63333333333333,28.16666666666667,28.25,28.46666666666667,28.46666666666667,28.275,9.6875,4.43,3.111111111111111,4.864705882352943,1.5352941176470591,4.2393442622950825,35.21250000000001,25.32,19.555555555555557,19.876470588235293,7.98235294117647,19.418032786885238,0.0,0.0,0.0,0.0,0.0,0.0,2.625,2.2,2.0,1.6470588235294117,1.7058823529411764,1.9344262295081969,29.0,0.6930764498551802,1.4267895472045886,0.7527741935483871,502.35,48.15,267.65000000000003,386.84,174.24,165.49,222.36,63.60000000000001,0.8079354101999131,0.10094339622641507,0.5128377083732516,0.7110375884569433,0.3553307773880415,0.3458516196447231,0.5053636363636363,0.2474323062558357
2015-07-25,293.0,0.325,5.680172609017067,0.8168390751445085,29.100000000000005,29.73333333333333,29.16666666666667,29.387500000000006,29.4,29.4,29.365,29.566666666666666,30.066666666666666,29.4,29.9,29.66666666666667,29.66666666666667,29.765,28.46666666666667,29.33333333333333,28.96666666666667,28.8625,29.03333333333333,29.03333333333333,28.915,0.65,0.30000000000000004,0.5555555555555556,0.047058823529411764,0.1,0.25737704918032783,3.9875,1.81,3.233333333333333,0.2235294117647059,0.6529411764705882,1.5409836065573768,0.0,0.0,0.0,0.0,0.0,0.0,0.75,0.6,0.7777777777777778,0.4117647058823529,0.35294117647058826,0.5245901639344263,30.0,0.8980764498551821,2.066789547204589,0.7507419354838709,465.80000000000007,48.3,263.41,315.4,270.6,209.04,242.76000000000005,115.20000000000002,0.7491516155491582,0.10125786163522013,0.5047135466564474,0.5797261281132249,0.5518394648829432,0.4368652037617555,0.5517272727272728,0.4481792717086835
2015-08-01,250.0,0.2272727272727273,5.521460917862246,0.8182863583815031,27.86666666666667,28.633333333333336,28.1,28.2625,28.1,28.1,28.210000000000008,29.066666666666666,29.633333333333336,28.866666666666664,29.137500000000006,29.066666666666666,29.066666666666666,29.149999999999995,26.66666666666667,27.133333333333336,26.73333333333333,26.6875,26.866666666666664,26.866666666666664,26.785,7.825,1.58,1.2111111111111112,1.8,1.211764705882353,2.303278688524589,27.3,8.09,5.488888888888888,8.76470588235294,4.905882352941174,9.526229508196725,0.0,0.0,0.0,0.0,0.0,0.0,3.0,2.3,2.2222222222222223,2.5294117647058822,2.294117647058824,2.442622950819672,31.0,0.3993416424584169,-0.030658511809832586,0.7495806451612904,446.9,40.0,220.5,245.27999999999997,257.40000000000003,238.71,177.45000000000005,91.44,0.7187545233768114,0.08385744234800839,0.4224947307913393,0.4508409153570444,0.5249204665959704,0.4988714733542321,0.40329545454545457,0.35574229691876746
2015-08-08,226.0,0.17272727272727273,5.420534999272285,0.8197336416184967,27.1,27.73333333333333,27.46666666666667,27.4375,27.5,27.5,27.445,28.399999999999995,29.2,28.53333333333333,28.6125,28.73333333333333,28.73333333333333,28.675000000000004,25.9,26.366666666666664,26.13333333333333,26.425,26.266666666666666,26.266666666666666,26.26999999999999,7.325,11.15,14.144444444444444,16.223529411764705,18.764705882352946,14.626229508196724,23.625000000000004,34.04,41.555555555555564,41.20588235294118,41.84705882352941,37.95573770491804,0.0,0.0,0.0,0.011764705882352941,0.0,0.003278688524590164,2.75,3.0,3.0,3.647058823529412,3.0,3.1475409836065573,32.0,-0.0756583575415739,-0.5456585118098367,0.7536451612903227,424.76,52.3,252.84,239.44,192.06,314.63,215.8,107.28,0.6831465011177766,0.10964360587002098,0.4844606246407357,0.4401066078485434,0.3916714250754548,0.6575339602925809,0.4904545454545455,0.4173669467787114
2015-08-15,221.0,0.16136363636363638,5.3981627015177525,0.8211810404624273,28.03333333333333,28.53333333333333,28.133333333333336,28.175,28.100000000000005,28.100000000000005,28.190000000000005,29.23333333333333,29.5,28.96666666666667,29.075000000000006,29.03333333333333,29.03333333333333,29.140000000000004,26.43333333333333,26.66666666666667,26.23333333333333,26.6375,26.4,26.4,26.515,4.1625,3.31,8.666666666666666,4.205882352941177,3.1764705882352944,4.424590163934425,17.224999999999998,10.83,45.83333333333334,18.35882352941177,11.96470588235294,19.24754098360655,0.0,0.0,0.0,0.0,0.0,0.0,2.875,2.7,2.0,2.764705882352941,3.4705882352941178,2.8524590163934427,33.0,0.389341642458426,-0.30065851180983216,0.7577096774193549,454.28,46.0,231.77,278.13,209.22000000000003,192.72,224.25000000000003,79.19999999999997,0.7306238641298229,0.09643605870020963,0.4440889059206744,0.5112213950923629,0.4266661228485195,0.4027586206896551,0.509659090909091,0.3081232492997198
2015-08-22,250.0,0.2272727272727273,5.521460917862246,0.8226283236994221,28.633333333333336,29.3,28.7,28.7,28.7,28.7,28.78,29.1,29.7,28.96666666666667,29.0625,29.03333333333333,29.03333333333333,29.14499999999999,27.93333333333333,28.93333333333333,28.266666666666666,28.200000000000006,28.23333333333333,28.23333333333333,28.285000000000004,1.8375,0.66,0.34444444444444444,2.4,1.4882352941176469,1.4836065573770494,12.4875,3.8100000000000014,2.2,13.917647058823528,6.988235294117647,8.41311475409836,0.0,0.0,0.0,0.0,0.0,0.0,1.0,1.3,0.7777777777777778,1.5882352941176472,1.5882352941176472,1.3442622950819672,34.0,0.3943416424584143,1.4693414881901743,0.7617741935483872,456.74,45.2,252.35,286.8900000000001,264.66,270.1,226.2,124.92,0.7345803110474934,0.09475890985324947,0.4835217474611994,0.5273228563551146,0.5397259156538055,0.5644723092998956,0.5140909090909092,0.4859943977591037
2015-08-29,225.0,0.17045454545454544,5.416100402204419,0.8240756069364166,28.66666666666667,29.066666666666666,28.66666666666667,28.7875,28.8,28.8,28.795,29.8,29.866666666666664,29.43333333333333,29.55,29.433333333333334,29.433333333333334,29.6,27.3,28.03333333333333,27.93333333333333,27.9375,28.16666666666667,28.16666666666667,27.89,0.7124999999999999,2.15,1.6666666666666667,0.8823529411764706,1.4117647058823528,1.331147540983606,4.887499999999998,14.639999999999995,11.422222222222222,5.8647058823529425,9.141176470588237,8.908196721311477,0.0,0.0,0.0,0.0,0.0,0.0,0.875,1.6,1.3333333333333333,1.1176470588235294,2.0,1.4426229508196722,35.0,0.8493416424584233,1.0743414881901678,0.7658387096774194,487.49,46.25,243.76,216.92,241.26,243.33,229.87,65.24000000000001,0.7840358975183751,0.09696016771488468,0.4670626556811649,0.3987133535520632,0.4920058732359899,0.5085266457680251,0.5224318181818182,0.25381263616557737
2015-09-05,246.0,0.21818181818181814,5.5053315359323625,0.8255228901734102,29.066666666666666,29.5,28.93333333333333,29.0125,28.96666666666667,28.96666666666667,29.075,29.3,29.633333333333336,29.13333333333333,29.3375,29.2,29.2,29.325,28.633333333333336,29.266666666666666,28.66666666666667,28.375,28.566666666666666,28.566666666666666,28.62,1.4249999999999998,0.21,1.3444444444444446,2.3470588235294123,1.0058823529411764,1.3540983606557382,6.525,1.4799999999999998,8.511111111111111,13.858823529411767,6.564705882352942,8.045901639344264,0.0,0.0,0.0,0.07058823529411765,0.0,0.019672131147540985,1.625,0.8,1.0,1.6470588235294117,1.3529411764705883,1.3278688524590163,36.0,0.5551195630500665,2.127214497817693,0.7641666666666667,452.27,40.81,244.0,246.24,206.46,205.1,207.27000000000004,91.2,0.7273911575019701,0.08555555555555558,0.46752251389155,0.452605459057072,0.4210376050248797,0.4286311389759666,0.4710681818181819,0.3548085901027077
2015-09-12,217.0,0.15227272727272728,5.37989735354046,0.8269701734104048,28.066666666666666,28.83333333333333,28.266666666666666,28.275,28.46666666666667,28.46666666666667,28.355,29.2,29.766666666666666,29.0,29.062500000000004,29.03333333333333,29.03333333333333,29.175000000000004,26.0,27.33333333333333,26.866666666666664,26.7,27.266666666666666,27.266666666666666,26.8,3.925,0.46,1.35,5.052941176470588,0.2647058823529412,2.286666666666667,26.825,3.21,9.425,35.370588235294115,1.835294117647059,15.910000000000005,0.0,0.0,0.0,0.0,0.0,0.0,1.125,0.6,0.625,0.9411764705882352,0.2352941176470588,0.6666666666666666,37.0,0.40511956305007146,0.3072144978176965,0.7602,479.57,50.81999999999999,259.5,246.23999999999995,279.0,231.0,274.05,66.56,0.7712980684175821,0.10654088050314464,0.4972216899789231,0.4526054590570719,0.5689697365201076,0.4827586206896552,0.6228409090909092,0.258948023653906
2015-09-19,303.0,0.3477272727272727,5.71373280550937,0.8284174566473984,28.133333333333336,28.66666666666667,28.16666666666667,28.3,28.3,28.3,28.31000000000001,29.43333333333333,29.53333333333333,28.9,29.3625,29.0,29.0,29.27500000000001,26.3,26.766666666666666,26.46666666666667,26.649999999999995,26.73333333333333,26.73333333333333,26.6,2.4625,4.3,6.125,5.823529411764706,6.694117647058825,5.408333333333332,11.8875,23.76,31.625,26.241176470588236,34.12941176470587,26.866666666666678,0.0,0.0,0.0,0.0,0.0,0.0,2.375,2.6,2.125,2.8823529411764706,2.8235294117647056,2.65,38.0,0.5051195630500729,0.1072144978176972,0.7562333333333333,475.93,43.34,263.0,259.2,252.34,122.5,254.52,80.32000000000002,0.7654438136288338,0.09085953878406708,0.5039279555470396,0.4764267990074442,0.5146015172526307,0.2560083594566353,0.5784545454545454,0.31248054777466544
2015-09-26,214.0,0.14545454545454545,5.365976015021852,0.8298647398843929,28.1,29.16666666666667,28.633333333333336,28.5875,28.9,28.9,28.655,28.8,29.566666666666666,28.866666666666664,29.025,29.36666666666667,29.36666666666667,29.1,27.4,28.766666666666666,28.33333333333333,28.275,28.633333333333336,28.633333333333336,28.28,5.674999999999999,1.63,0.7874999999999999,1.3411764705882354,0.6823529411764707,1.7066666666666666,31.0,10.21,5.075,8.117647058823529,4.588235294117646,10.111666666666668,0.0,0.0,0.0,0.0,0.0,0.0,2.75,1.4,1.5,0.9411764705882352,1.0,1.35,39.0,0.3301195630500686,1.7872144978176967,0.7522666666666668,433.57,59.27,263.83000000000004,261.34,250.41000000000003,290.76,273.92999999999995,96.03,0.6973157276806536,0.12425576519916146,0.5055182985246216,0.4803602610054223,0.5106656334121871,0.6076489028213166,0.6225681818181817,0.3735994397759103
2015-10-03,257.0,0.2431818181818182,5.54907608489522,0.8313120231213877,27.83333333333333,28.433333333333334,28.0,28.2125,28.3,28.3,28.17,28.73333333333333,29.16666666666667,28.633333333333336,28.950000000000006,28.93333333333333,28.93333333333333,28.9,27.133333333333336,27.73333333333333,27.26666666666667,27.425000000000004,27.600000000000005,27.600000000000005,27.43,6.0,12.200000000000005,3.875,6.78235294117647,7.925000000000002,7.5101694915254225,18.475,49.94,16.125,33.92352941176471,41.46250000000001,34.17457627118643,0.0,0.0,0.0,0.0,0.0,0.0,2.5,2.4,2.5,2.176470588235294,1.4375,2.101694915254237,40.0,0.1173107217276872,0.6556102420803178,0.7503870967741936,455.84,62.52,231.61,353.43,258.33,247.79,219.04,144.73,0.7331328304678579,0.1310691823899371,0.4437823337804177,0.6496277915632755,0.5268170323843706,0.5178474399164055,0.4978181818181817,0.5630641145347027
2015-10-10,235.0,0.19318181818181815,5.45958551414416,0.8327593063583812,27.96666666666667,28.73333333333333,28.16666666666667,28.3625,28.7,28.7,28.379999999999995,28.8,29.5,28.766666666666666,29.025,29.2,29.2,29.05,27.066666666666666,27.83333333333333,27.23333333333333,27.6125,28.133333333333336,28.133333333333336,27.585,2.625,4.049999999999999,2.8375000000000004,4.341176470588234,4.86875,3.998305084745763,10.937500000000002,19.92,13.287499999999998,17.470588235294116,21.4875,17.522033898305082,0.0,0.0,0.0,0.0,0.0,0.0,2.625,2.6,2.75,3.0,2.4375,2.694915254237288,41.0,0.2673107217276893,0.8106102420803154,0.7512903225806451,509.52,52.92,258.64000000000004,343.42,232.26,336.54,230.14,147.19,0.819467005484343,0.11094339622641508,0.4955738647250431,0.6312287473577797,0.4736520107675993,0.7033228840125392,0.5230454545454546,0.5726346093993152
2015-10-17,235.0,0.19318181818181815,5.45958551414416,0.834206589595376,28.93333333333333,29.5,28.8,29.1875,29.3,29.3,29.155,29.6,29.899999999999995,29.16666666666667,29.5875,29.633333333333336,29.633333333333336,29.58,28.33333333333333,29.16666666666667,28.399999999999995,28.800000000000004,29.100000000000005,29.100000000000005,28.77,0.7,0.27,0.7375,0.8411764705882352,0.11875,0.5152542372881356,4.9375,1.84,5.175,5.699999999999998,0.775,3.5355932203389826,0.0,0.0,0.0,0.0,0.0,0.0,0.375,0.5,0.5,0.5882352941176471,0.3125,0.4576271186440678,42.0,0.7973107217276905,1.9956102420803177,0.7521935483870967,498.08,56.52,240.09,320.32000000000005,239.37,288.26,239.02,149.24,0.8010679190054201,0.11849056603773585,0.4600306572140256,0.5887694145758663,0.4881515621176278,0.6024242424242424,0.5432272727272727,0.5806100217864923
2015-10-24,224.0,0.16818181818181818,5.41164605185504,0.8356538728323695,29.03333333333333,29.73333333333333,29.0,29.2625,29.3,29.3,29.26500000000001,29.73333333333333,30.0,29.3,29.6,29.4,29.4,29.605,28.366666666666664,29.066666666666666,28.5,28.825000000000006,28.9,28.9,28.754999999999992,1.75,1.14,0.375,0.8882352941176469,0.4117647058823529,0.8416666666666672,12.225,8.040000000000001,2.575,5.8,2.647058823529412,5.706666666666665,0.0,0.0,0.0,0.0,0.0,0.0,1.0,0.9,0.75,0.7647058823529411,0.7647058823529411,0.8166666666666667,43.0,0.822310721727689,1.9806102420803064,0.7530967741935484,457.6,47.64,211.47,271.81000000000006,284.4,271.92999999999995,255.3,81.17999999999998,0.7359634591569231,0.099874213836478,0.4051925656255987,0.4996048157338481,0.5799820540011421,0.5682967607105537,0.5802272727272727,0.3158263305322128
2015-10-31,246.0,0.21818181818181814,5.5053315359323625,0.8371011560693642,27.83333333333333,28.366666666666664,27.8,27.975,28.366666666666664,28.366666666666664,28.045,29.03333333333333,29.433333333333334,28.7,29.0875,29.33333333333333,29.33333333333333,29.10999999999999,26.66666666666667,26.866666666666664,26.53333333333333,26.85,27.03333333333333,27.03333333333333,26.805,6.500000000000001,6.130000000000001,3.7,7.53529411764706,5.088235294117646,5.958333333333332,26.275,23.35,22.2875,19.435294117647054,21.982352941176472,22.101666666666674,0.0,0.0,0.0,0.0,0.0,0.0,2.0,1.8,2.0,2.5294117647058822,2.0588235294117645,2.1333333333333333,44.0,0.3273107217276809,0.030610242080317818,0.754,471.68,48.24,263.94000000000005,322.76,307.75,198.65,227.50000000000003,28.35,0.7586084886694436,0.1011320754716981,0.5057290668710481,0.5932542964801031,0.6276001305163553,0.4151515151515151,0.5170454545454546,0.11029411764705882
2015-11-07,266.0,0.2636363636363636,5.583496308781699,0.8385484393063588,27.4,28.2,27.93333333333333,28.0,28.43333333333333,28.43333333333333,27.995000000000005,28.3,29.16666666666667,28.33333333333333,28.7875,29.066666666666666,29.066666666666666,28.745000000000005,26.53333333333333,27.466666666666665,27.43333333333333,27.2375,27.53333333333333,27.53333333333333,27.24,8.0625,5.69,2.075,5.999999999999999,4.275,5.2137931034482765,28.9125,25.8,11.162499999999998,30.5375,19.237500000000004,23.70689655172414,0.0,0.0,0.0,0.0,0.0,0.0,2.875,2.3,1.75,2.0625,1.8125,2.103448275862069,45.0,0.5331496944495164,0.993625579230649,0.7626333333333334,512.16,40.32,231.61,403.38,356.4,244.47,268.79999999999995,63.35,0.8237129485179406,0.08452830188679246,0.4437823337804177,0.7414392059553351,0.7268129537482665,0.5109090909090909,0.6109090909090908,0.24645969498910675
2015-11-14,198.0,0.10909090909090907,5.288267030694535,0.8399957225433524,27.2,27.9,27.86666666666667,27.7375,28.33333333333333,28.33333333333333,27.79,28.5,28.866666666666664,28.6,28.7375,29.1,29.1,28.754999999999995,26.33333333333333,27.066666666666666,27.33333333333333,26.862500000000004,27.53333333333333,27.53333333333333,26.985,8.7375,9.599999999999998,3.0375,5.0,4.806666666666667,6.005263157894736,35.175000000000004,31.380000000000006,13.4,19.21875,13.69333333333333,21.321052631578947,0.0,0.0,0.0,0.0,0.0,0.0,3.375,3.2,1.5,3.8125,3.2666666666666666,3.1754385964912277,46.0,0.5431496944495073,0.7386255792306464,0.7712666666666667,447.04,35.64,202.46,375.03,270.72,160.95000000000005,324.8,88.19999999999997,0.7189796870225325,0.07471698113207548,0.3879287219773902,0.6893300248138959,0.5520841830491883,0.3363636363636364,0.7381818181818182,0.34313725490196073
2015-11-21,254.0,0.2363636363636364,5.5373342670185375,0.841443005780347,27.03333333333333,27.7,27.633333333333336,27.3625,27.73333333333333,27.73333333333333,27.46,28.3,28.96666666666667,28.5,28.8375,28.9,28.9,28.735000000000007,25.633333333333336,26.33333333333333,26.5,25.9125,26.1,26.1,26.050000000000004,15.8625,9.68,2.2750000000000004,15.693749999999998,9.957142857142856,11.292857142857144,49.525,33.730000000000004,12.4625,38.7875,38.214285714285715,35.51428571428571,0.0,0.0,0.0,0.0,0.0,0.0,3.0,2.5,2.625,2.875,2.357142857142857,2.6607142857142856,47.0,0.5231496944495149,-0.1963744207693452,0.7798999999999999,443.52,39.84,242.74,335.3400000000001,273.6,207.92999999999995,280.0,45.85,0.7133184296444023,0.08352201257861634,0.4651082582870281,0.616377171215881,0.5579574190390733,0.4345454545454545,0.6363636363636364,0.17837690631808276
2015-11-28,286.0,0.3090909090909091,5.655991810819852,0.8428904046242777,27.2,27.8,27.633333333333336,27.525,27.866666666666664,27.866666666666664,27.585,28.23333333333333,29.26666666666667,28.73333333333333,28.925000000000004,29.133333333333336,29.133333333333336,28.875,26.2,26.76666666666667,26.7,26.4125,26.633333333333336,26.633333333333336,26.51,8.9625,10.12,7.6625,9.2,9.214285714285714,9.114285714285717,36.6125,30.90000000000001,33.050000000000004,29.28125,33.957142857142856,32.325,0.0,0.0,0.0,0.0,0.0,0.0,4.0,3.3,3.625,4.4375,3.2857142857142856,3.7678571428571432,48.0,0.6631496944495119,0.2636255792306485,0.7885333333333332,520.64,67.39999999999999,225.57,409.86000000000007,233.76,245.34000000000003,323.66,103.25,0.837351432201618,0.14129979035639412,0.4322092354857251,0.7533498759305213,0.4767109878456645,0.5127272727272728,0.7355909090909091,0.4016884531590413
2015-12-05,259.0,0.24772727272727274,5.556828061699537,0.8443376878612713,27.33333333333333,27.83333333333333,27.73333333333333,27.4875,27.96666666666667,27.96666666666667,27.625,28.3,28.8,28.466666666666665,28.2,28.866666666666664,28.866666666666664,28.445000000000004,26.26666666666667,26.8,26.766666666666666,26.675,26.8,26.8,26.665,16.3,16.169999999999998,10.7,14.93125,18.706666666666667,15.740350877192984,46.5375,58.07000000000001,34.2875,42.64375,61.21999999999999,49.61228070175437,0.2,0.02,0.0,0.4375,0.11333333333333333,0.18421052631578946,4.625,4.3,3.625,5.375,4.866666666666666,4.701754385964914,49.0,0.6293839768113152,0.8678655953219874,0.7942258064516129,538.2,72.93,288.51,339.3900000000001,245.6,337.56,278.12,165.9,0.8655933866220629,0.1528930817610063,0.5528070511592258,0.6238213399503724,0.5008565135818582,0.7054545454545454,0.6320909090909091,0.6454248366013071
2015-12-12,357.0,0.4704545454545455,5.877735781779639,0.8457849710982659,27.3,27.73333333333333,27.53333333333333,27.6125,27.8,27.8,27.6,28.366666666666664,28.53333333333333,28.366666666666664,28.625,28.66666666666667,28.66666666666667,28.54,26.5,26.96666666666667,26.73333333333333,26.787500000000005,26.93333333333333,26.93333333333333,26.785000000000004,12.45,16.79,15.6,14.96875,21.35625,16.764406779661016,39.2875,44.14,44.41111111111112,40.9,51.63125,44.67627118644068,0.025,0.06000000000000001,0.4444444444444444,0.05,0.225,0.15593220338983044,5.25,5.6,5.222222222222221,5.5,5.3125,5.389830508474576,50.0,0.7243839768113105,0.987865595321992,0.798741935483871,571.5,94.69,319.78,315.9000000000001,278.40000000000003,478.5,280.16,92.04999999999998,0.9191501680685784,0.19851153039832284,0.6127227438206552,0.5806451612903227,0.5677461456888817,1.0,0.6367272727272728,0.358115468409586
2015-12-19,333.0,0.4159090909090909,5.808142489980444,0.8472322543352605,27.066666666666666,27.5,27.46666666666667,27.300000000000004,27.53333333333333,27.53333333333333,27.355,28.2,28.53333333333333,28.266666666666666,28.3,28.633333333333336,28.633333333333336,28.365,25.566666666666666,25.83333333333333,25.8,25.625000000000004,25.66666666666667,25.66666666666667,25.68,3.825,3.850000000000001,2.811111111111111,3.3875000000000006,3.30625,3.415254237288136,18.0375,17.4,12.1,15.25,18.30625,16.340677966101698,0.0,0.0,0.0,0.0,0.0,0.0,2.125,2.8,2.0,2.0625,2.0,2.1694915254237293,51.0,0.5493839768113098,-0.1171344046780156,0.8032580645161289,555.3,63.07,301.4899999999999,362.88,282.4000000000001,288.84,291.04000000000013,85.74999999999999,0.8930955176351384,0.1322222222222222,0.5776777160375549,0.6669975186104219,0.5759034178970552,0.6036363636363636,0.6614545454545456,0.3336056644880174
2015-12-26,372.0,0.5045454545454545,5.918893854273146,0.8486795375722541,27.9,28.3,27.8,28.25,28.4,28.4,28.16,28.66666666666667,29.6,28.53333333333333,29.1375,29.2,29.2,29.055,26.3,26.366666666666664,26.23333333333333,26.8125,26.766666666666666,26.766666666666666,26.575,5.7875000000000005,6.8,6.755555555555556,4.73125,3.78125,5.276271186440679,31.9875,41.74,34.28888888888889,19.8375,19.775,27.384745762711862,0.0,0.0,0.0,0.0,0.0,0.0,3.125,2.5,2.555555555555556,2.9375,2.8125,2.796610169491525,52.0,1.239383976811311,0.7778655953219875,0.8077741935483871,580.38,78.97000000000001,288.67999999999995,347.22,410.75,357.85,308.9600000000001,93.1,0.933431976454316,0.1655555555555556,0.5531327840582485,0.6382133995037221,0.8376498898768252,0.7478578892371996,0.7021818181818182,0.36220043572984745
2016-01-02,459.0,0.7022727272727273,6.129050210060545,0.8501699421965317,27.100000000000005,27.33333333333333,27.100000000000005,27.075,27.366666666666664,27.366666666666664,27.165000000000006,28.266666666666666,28.46666666666667,28.23333333333333,28.45,28.633333333333336,28.633333333333336,28.420000000000005,25.73333333333333,25.93333333333333,25.73333333333333,25.825000000000006,25.83333333333333,25.83333333333333,25.815000000000005,9.4375,9.11,9.81111111111111,14.55,7.33125,10.254237288135592,30.1375,26.07,30.86666666666667,49.71875000000001,22.525,32.80508474576271,0.0,0.0,0.0,0.0,0.0,0.0,3.25,3.8,5.5555555555555545,3.3125,4.125,3.9491525423728815,53.0,0.8329158351148821,0.079452999960413,0.8100322580645161,437.71,102.9,360.62,456.82,362.79,262.2,316.07999999999987,101.99,0.7039741383469772,0.2157232704402516,0.6909752826211916,0.8396654719235365,0.7398441961008239,0.5479623824451411,0.7183636363636362,0.3967864923747276
2016-01-09,547.0,0.9022727272727272,6.304448802421981,0.8517680924855495,28.1,28.1,27.83333333333333,28.1,28.266666666666666,28.266666666666666,28.085,28.76666666666667,28.66666666666667,28.5,28.8625,28.966666666666665,28.966666666666665,28.78,25.8,25.93333333333333,25.5,26.4125,26.16666666666667,26.16666666666667,26.075,0.2,1.21,1.755555555555555,1.85,2.04375,1.5559322033898304,0.8875000000000001,4.23,11.988888888888885,9.562500000000002,9.1875,7.750847457627118,0.0,0.0,0.0,0.0,0.0,0.0,1.75,2.1,1.1111111111111112,2.625,1.9375,2.0,1.0,1.192915835114878,0.3394529999604039,0.8066451612903225,463.19,104.7,367.19,436.8,401.07000000000005,383.8,320.4,112.8,0.7449539218682149,0.219496855345912,0.7035639011304845,0.8028673835125449,0.8179092911330452,0.8020898641588295,0.7281818181818182,0.43884220354808573
2016-01-16,620.0,1.068181818181818,6.429719478039137,0.8533662427745663,28.2,28.566666666666666,28.399999999999995,28.175,28.53333333333333,28.53333333333333,28.325,28.9,29.03333333333333,28.83333333333333,28.9,29.2,29.2,28.955000000000005,27.23333333333333,27.83333333333333,27.766666666666666,27.300000000000004,27.7,27.7,27.5,6.6375,5.5699999999999985,3.688888888888888,6.0,7.38125,6.035593220338986,25.425,26.48,16.233333333333334,21.012500000000006,23.65,22.523728813559323,0.0,0.0,0.0,0.0125,0.0,0.003389830508474577,2.625,2.3,2.2222222222222223,3.625,2.9375,2.864406779661017,2.0,1.367915835114882,1.7644529999604082,0.8032580645161289,422.24,103.20000000000002,391.28,385.84,264.48,416.1,270.72,97.29,0.6790935554947971,0.21635220125786167,0.7497221689978921,0.7091995221027478,0.5393588384044375,0.8695924764890282,0.6152727272727272,0.37850140056022397
2016-01-23,637.0,1.1068181818181821,6.456769655572161,0.8549643930635841,27.8,28.133333333333336,28.100000000000005,27.8125,28.2,28.2,27.96,28.366666666666664,28.466666666666665,28.633333333333336,28.1875,28.53333333333333,28.53333333333333,28.375,26.53333333333333,27.2,27.16666666666667,27.375,27.899999999999995,27.899999999999995,27.270000000000003,8.3875,7.090000000000002,4.333333333333333,11.5875,10.4,8.962711864406781,34.1,26.12,21.444444444444443,36.15000000000001,35.5375,31.76271186440677,0.125,0.31999999999999995,0.04444444444444445,1.0375,0.25,0.4271186440677966,4.5,6.4,4.5555555555555545,4.75,6.4375,5.423728813559323,3.0,0.7879158351148767,1.5344529999604113,0.7998709677419354,417.69,154.49999999999997,407.34,536.9000000000002,244.47000000000003,365.75,276.48,124.55,0.6717757370088618,0.3238993710691823,0.780494347576164,0.9868578255675032,0.4985520841830493,0.7643678160919541,0.6283636363636362,0.4845549330843448
2016-01-30,624.0,1.0772727272727274,6.436150368369428,0.8565626589595378,28.066666666666666,28.366666666666664,28.399999999999995,27.9,28.3,28.3,28.13333333333333,28.7,28.9,28.766666666666666,28.7,28.85,28.85,28.761111111111113,27.399999999999995,27.633333333333336,27.66666666666667,27.085714285714282,27.450000000000006,27.450000000000006,27.36666666666667,4.4,1.4600000000000002,1.5555555555555556,9.546666666666667,3.65,4.575862068965517,16.4625,5.22,6.7666666666666675,34.82,11.15,16.30172413793103,0.025,0.0,0.0,0.013333333333333334,0.0625,0.02413793103448276,3.5,2.7,3.6666666666666665,3.066666666666667,3.3125,3.2241379310344827,4.0,1.1740269462259896,1.6311196666270753,0.7964838709677419,494.41,149.39999999999995,407.75000000000006,365.54,324.56,367.75,269.33,114.2,0.7951654148640173,0.31320754716981125,0.7812799386855719,0.6718867751125815,0.6618810669712049,0.7685475444096134,0.6121136363636364,0.4442888266417678
2016-02-06,525.0,0.8522727272727273,6.2633982625916245,0.8581608092485545,28.066666666666666,28.43333333333333,28.3,27.985714285714284,28.2,28.2,28.15,28.66666666666667,29.03333333333333,28.8,28.771428571428572,28.95,28.95,28.82222222222222,27.46666666666667,27.8,27.600000000000005,27.37142857142857,27.65,27.65,27.527777777777782,4.125,4.52,3.4222222222222216,6.6866666666666665,6.973333333333334,5.50701754385965,13.9625,15.780000000000005,14.277777777777779,20.506666666666668,21.84,18.12631578947369,0.0,0.0,0.0,0.0,0.0,0.0,2.875,3.1,2.1111111111111107,2.8,3.0,2.8070175438596485,5.0,1.0610627493421667,1.1836402788388083,0.7943448275862068,544.5,122.7,409.64,377.16,312.91,246.51,341.13,113.3,0.8757257506795117,0.2572327044025157,0.7849013220923549,0.6932451061483319,0.6381230116648992,0.5151724137931034,0.7752954545454546,0.44078742608154375
2016-02-13,419.0,0.6113636363636363,6.037870919922137,0.8597589595375723,27.16666666666667,27.33333333333333,27.33333333333333,27.266666666666666,27.25,27.25,27.270588235294124,28.366666666666664,28.366666666666664,28.33333333333333,28.15,28.25,28.25,28.270588235294113,26.33333333333333,26.66666666666667,26.73333333333333,26.71666666666667,26.55,26.55,26.62352941176471,7.4625,7.039999999999999,3.866666666666666,5.214285714285714,5.2799999999999985,5.6625,33.8125,31.24,23.45555555555556,22.42142857142857,25.24,26.544642857142858,0.0,0.0,0.0,0.0,0.0,0.0,1.375,1.9,1.6666666666666667,1.7857142857142858,1.8,1.7321428571428572,6.0,0.5094287624140605,0.2793919128257407,0.7924137931034483,574.2,119.1,428.12,373.8,249.83,317.06,255.64,168.3,0.9234926098074852,0.24968553459119494,0.8203104042920099,0.6870692031982354,0.5094828289420017,0.6626123301985369,0.5810000000000001,0.6547619047619048
2016-02-20,590.0,1.0,6.380122536899765,0.86135710982659,27.3,27.566666666666666,27.53333333333333,27.17142857142857,27.55,27.55,27.36111111111111,28.633333333333336,28.766666666666666,28.73333333333333,28.4,28.8,28.8,28.6,24.899999999999995,25.1,25.066666666666666,25.085714285714282,24.9,24.9,25.03333333333333,14.3125,14.52,11.788888888888884,16.98,19.00625,15.941379310344827,74.98750000000003,86.76,76.46666666666667,80.92,87.55,82.24655172413793,0.0,0.0,0.0,0.0,5.9125,1.6310344827586205,2.375,2.1,2.2222222222222223,2.6,2.375,2.362068965517241,7.0,0.8388405271199453,-1.310804165605635,0.7904827586206896,534.6,137.09999999999997,393.47,388.08,308.76,318.72,304.61,152.90000000000003,0.8598034643035206,0.2874213836477987,0.7539183751676566,0.7133167907361457,0.6296598417489191,0.6660815047021943,0.6922954545454545,0.5948490507314037
2016-02-27,511.0,0.8204545454545454,6.2363695902037035,0.8629553757225438,27.566666666666666,27.73333333333333,27.566666666666666,27.728571428571428,27.700000000000006,27.700000000000006,27.672222222222217,28.16666666666667,28.366666666666664,28.16666666666667,28.314285714285717,28.3,28.3,28.27222222222223,26.0,26.23333333333333,25.93333333333333,26.442857142857147,26.3,26.3,26.23333333333333,1.2875,2.02,6.188888888888888,1.3733333333333335,1.846666666666667,2.3596491228070184,8.525000000000002,13.96,42.96666666666666,8.426666666666668,12.8,16.01578947368421,0.0,0.0,0.0,0.0,0.0,0.0,1.875,1.1,1.5555555555555556,2.066666666666667,1.2666666666666666,1.5789473684210529,8.0,0.5110627493421696,-0.11080416560563933,0.7885517241379308,511.55,133.23,385.38,378.78,298.75,391.67,294.16,67.28,0.8227318783472989,0.2793081761006289,0.7384173213259244,0.6962227736421285,0.6092462680479648,0.8185370950888191,0.6685454545454546,0.2617491441020853
2016-03-05,411.0,0.5931818181818181,6.018593214496233,0.8645535260115604,28.33333333333333,28.4,28.366666666666664,28.342857142857145,28.5,28.5,28.37894736842105,28.566666666666666,28.63333333333333,28.53333333333333,28.642857142857146,28.7,28.7,28.62105263157895,28.1,28.3,28.16666666666667,27.785714285714285,28.366666666666664,28.366666666666664,28.068421052631574,0.3625,0.14,0.08888888888888888,1.8666666666666667,0.35625,0.6689655172413793,2.1,0.8200000000000001,0.4666666666666667,11.493333333333334,2.325,4.117241379310344,0.0,0.0,0.0,0.0,0.0,0.0,1.125,1.3,1.0,1.7333333333333334,1.125,1.293103448275862,9.0,0.23197772565315944,1.3832671350741386,0.7813870967741936,481.49,77.49,357.12,333.72,292.3,370.0,246.33,121.29,0.7743860269874712,0.16245283018867926,0.6842690170530752,0.6133995037220844,0.5960926666122849,0.7732497387669801,0.5598409090909089,0.4718720821661998
2016-03-12,396.0,0.5590909090909091,5.9814142112544815,0.8661516763005782,28.53333333333333,28.8,28.7,28.5,28.766666666666666,28.766666666666666,28.626315789473683,29.16666666666667,29.33333333333333,29.16666666666667,29.1,29.23333333333333,29.23333333333333,29.17894736842105,27.5,27.96666666666667,28.066666666666666,27.54285714285714,27.73333333333333,27.73333333333333,27.71578947368421,3.9125,3.2,1.0888888888888888,4.373333333333334,7.2875,4.4017241379310335,13.8875,15.56,7.377777777777776,17.84666666666667,35.55,20.165517241379312,0.0,0.0,0.0,0.0,0.0,0.0,2.5,1.8,0.6666666666666666,2.6,2.0625,2.0,10.0,0.7898724624952536,1.0306355561267715,0.7721290322580646,485.05,85.68,357.7600000000001,354.7800000000001,284.9,405.0,211.14,112.71,0.7801116168358075,0.17962264150943394,0.6854953056141023,0.6521091811414393,0.5810017130271636,0.8463949843260188,0.4798636363636363,0.4384920634920635
2016-03-19,373.0,0.5068181818181818,5.921578419643817,0.867749826589595,28.7,28.83333333333333,28.5,28.67142857142857,28.66666666666667,28.66666666666667,28.673684210526318,28.93333333333333,29.066666666666666,28.76666666666667,29.04285714285714,29.03333333333333,29.03333333333333,28.98421052631579,28.399999999999995,28.26666666666667,28.2,27.857142857142858,28.0,28.0,28.08421052631579,2.1375,1.92,0.6222222222222222,4.226666666666668,4.18125,2.9689655172413785,11.3875,12.7,4.166666666666668,22.62,27.2375,17.770689655172415,0.0,0.0,0.0,0.0,0.0,0.0,1.875,1.4,1.3333333333333333,1.8,1.625,1.6206896551724137,11.0,0.5951356203899998,1.3990566087583505,0.7628709677419354,481.49,80.00999999999998,345.6,308.61,292.3,376.0,251.16,56.94,0.7743860269874713,0.16773584905660374,0.6621958229545889,0.5672456575682383,0.5960926666122849,0.7857889237199582,0.5708181818181818,0.22152194211017734
2016-03-26,306.0,0.3545454545454545,5.723585101952382,0.8693480924855487,28.566666666666666,29.0,28.600000000000005,28.97142857142857,29.133333333333336,29.133333333333336,28.87894736842105,29.3,29.5,29.16666666666667,29.4,29.43333333333333,29.43333333333333,29.36842105263158,28.03333333333333,28.6,27.866666666666664,28.657142857142855,28.93333333333333,28.93333333333333,28.468421052631573,7.462499999999999,2.2299999999999995,2.2222222222222223,2.5266666666666664,0.8750000000000002,2.6534482758620688,34.125,10.88,11.822222222222221,14.72,4.65,13.506896551724141,0.0,0.0,0.0,0.0,0.0,0.0,1.75,2.1,1.6666666666666667,1.6,1.875,1.7931034482758617,12.0,0.9793461467057868,1.7832671350741371,0.7536129032258064,495.84999999999985,64.22,269.3,323.13,272.92,433.92,215.38,176.16,0.7974813837914341,0.13463312368972746,0.5159992335696493,0.5939343810311553,0.5565706827636838,0.9068338557993729,0.4895,0.6853408029878617
2016-04-02,377.0,0.5159090909090909,5.932245187448012,0.8709462427745664,29.2,29.4,29.2,29.4,29.46666666666667,29.46666666666667,29.34736842105262,29.5,29.766666666666666,29.4,29.8,29.766666666666666,29.766666666666666,29.678947368421053,28.96666666666667,29.133333333333336,28.96666666666667,29.02857142857143,29.23333333333333,29.23333333333333,29.05789473684211,0.0,0.04,0.21111111111111114,0.2866666666666667,0.00625,0.11551724137931035,0.0,0.28,1.3444444444444443,1.8266666666666669,0.05,0.7431034482758619,0.0,0.0,0.0,0.0,0.0,0.0,0.0,0.2,0.4444444444444444,0.4,0.1875,0.25862068965517243,13.0,0.8970232137044043,2.165538335693334,0.7476,475.2000000000001,78.08,251.43,255.42,239.36,246.48,259.08000000000004,106.68,0.7642697460475739,0.16368972746331234,0.481758957654723,0.4694789081885856,0.4881311689371074,0.5151097178683386,0.5888181818181819,0.41503267973856206
2016-04-09,291.0,0.32045454545454544,5.673323267171493,0.8725443930635842,28.866666666666664,29.2,28.933333333333334,28.842857142857138,29.066666666666666,29.066666666666666,28.95263157894736,29.6,29.83333333333333,29.3,29.428571428571434,29.6,29.6,29.52631578947368,27.7,28.23333333333333,28.399999999999995,28.114285714285717,28.43333333333333,28.43333333333333,28.163157894736838,5.9375,8.290000000000001,3.6000000000000005,8.4,6.206250000000002,6.691379310344826,28.4375,45.34,16.988888888888887,34.906666666666666,30.7625,31.88965517241379,0.0,0.0,0.0,0.013333333333333334,0.0,0.003448275862068966,1.75,1.7,1.6666666666666667,3.2,2.0,2.1724137931034484,14.0,0.744391634757033,1.2708014935880672,0.7497,484.88,74.4,244.29,351.74,178.16000000000003,235.56000000000003,272.0,51.24,0.7798382038374319,0.15597484276729562,0.4680781758957655,0.6465214594246853,0.3633249041520516,0.4922884012539186,0.6181818181818182,0.19934640522875813
2016-04-16,224.0,0.16818181818181818,5.41164605185504,0.8741425433526009,29.16666666666667,29.866666666666664,29.3,29.5,29.53333333333333,29.53333333333333,29.47894736842105,29.7,30.5,29.6,30.04285714285714,29.83333333333333,29.83333333333333,29.957894736842107,28.46666666666667,29.2,28.7,28.914285714285718,29.066666666666666,29.066666666666666,28.878947368421056,4.012499999999998,5.58,3.511111111111111,3.64,3.54375,3.9793103448275864,16.3375,22.72,13.044444444444444,13.473333333333333,15.7625,16.027586206896547,0.0,0.0,0.0,0.013333333333333334,0.0,0.003448275862068966,2.875,4.2,3.555555555555556,2.6,4.0,3.4482758620689653,15.0,1.1759705821254514,1.986590967272285,0.7517999999999999,518.32,57.76000000000001,267.75000000000006,350.88000000000005,161.16000000000003,319.0200000000001,201.28000000000003,120.54,0.8336201489296686,0.12109014675052412,0.5130293159609121,0.6449407223600774,0.32865649726731383,0.6667084639498433,0.4574545454545455,0.46895424836601296
2016-04-23,229.0,0.17954545454545456,5.433722003554241,0.8757408092485547,29.5,30.03333333333333,29.73333333333333,29.6,29.6,29.6,29.673684210526318,30.566666666666666,30.73333333333333,30.33333333333333,30.52857142857143,30.66666666666667,30.66666666666667,30.557894736842105,28.03333333333333,29.266666666666666,29.133333333333336,28.82857142857143,28.9,28.9,28.831578947368413,6.549999999999999,4.64,1.1666666666666663,10.153333333333336,7.1125,6.472413793103446,29.65,20.96,6.722222222222222,42.28666666666667,27.125,27.16551724137932,0.0,0.0,0.0,0.0,0.0,0.0,2.25,1.9,1.4444444444444444,2.333333333333333,2.0625,2.034482758620689,16.0,1.7759705821254492,1.9392225462196464,0.7539,491.92,68.96000000000001,263.16,336.26,150.28000000000003,300.3,287.64,151.2,0.7911607185936923,0.14457023060796648,0.5042345276872964,0.6180681922617407,0.3064687168610817,0.6275862068965518,0.6537272727272727,0.588235294117647
2016-04-30,242.0,0.20909090909090908,5.488937726156687,0.8773389595375725,27.96666666666667,28.93333333333333,28.73333333333333,28.885714285714286,29.266666666666666,29.266666666666666,28.78421052631579,28.866666666666664,29.4,29.26666666666667,29.571428571428577,29.83333333333333,29.83333333333333,29.42631578947368,27.46666666666667,28.366666666666664,28.366666666666664,28.142857142857142,28.6,28.6,28.17894736842105,12.775,8.58,6.4444444444444455,7.173333333333333,5.1,7.503448275862071,35.2625,25.82,23.03333333333333,25.79333333333333,22.01875,25.634482758620692,0.5,0.06,0.022222222222222227,0.0,0.0125,0.08620689655172414,6.25,4.8,4.0,3.066666666666667,3.8125,4.155172413793103,17.0,0.6443916347570279,1.2865909672722822,0.7559999999999999,495.64,58.08000000000001,296.65,347.77,245.19,242.1,219.06,54.32000000000001,0.7971436383228525,0.1217610062893082,0.5684039087947881,0.6392243359985296,0.5000203931805204,0.5059561128526646,0.4978636363636363,0.2113289760348584
2016-05-07,180.0,0.06818181818181818,5.1929568508902095,0.8789371098265891,28.9,30.03333333333333,29.53333333333333,29.557142857142853,29.966666666666665,29.966666666666665,29.589473684210528,30.26666666666667,30.96666666666667,30.266666666666666,30.457142857142852,30.53333333333333,30.53333333333333,30.489473684210523,27.93333333333333,29.23333333333333,29.066666666666666,28.95714285714286,29.633333333333336,29.633333333333336,28.96315789473684,6.5375,2.42,0.1,6.786666666666667,1.8375,3.5965517241379303,22.137500000000006,12.36,0.5333333333333334,27.106666666666666,11.04375,15.324137931034484,0.025,0.0,0.0,0.0,0.0,0.003448275862068966,2.75,1.2,0.8888888888888888,2.533333333333333,0.9375,1.637931034482759,18.0,1.12783375603021,1.6177198263858834,0.7600645161290323,470.42,39.34,299.28,353.22,286.16,249.48,237.36,53.2,0.7565820158579538,0.08247379454926626,0.5734431883502585,0.6492417976288944,0.5835712537727384,0.5213793103448275,0.5394545454545454,0.2069716775599129
2016-05-14,216.0,0.15,5.375278407684165,0.8805352601156069,28.5,29.4,29.16666666666667,29.057142857142853,29.3,29.3,29.078947368421048,29.766666666666666,30.66666666666667,30.266666666666666,29.91428571428571,30.266666666666666,30.266666666666666,30.12105263157895,27.2,27.9,27.7,27.757142857142853,27.66666666666667,27.66666666666667,27.668421052631587,10.1625,11.21,4.522222222222221,7.753333333333334,12.006249999999998,9.353448275862073,50.45,48.95,21.066666666666674,31.653333333333325,45.825,39.494827586206895,0.0,0.0,0.0,0.0,0.0,0.0,4.0,3.4,2.4444444444444446,2.6,2.5,2.8793103448275863,19.0,0.7594127033986382,0.3229829842806211,0.7641290322580645,509.98,49.56000000000001,298.7,394.98,260.61,304.15,244.26,42.56000000000001,0.8202068288917124,0.1038993710691824,0.5723318643418278,0.7259994485800938,0.5314666775430295,0.6356321839080459,0.5551363636363637,0.16557734204793031
2016-05-21,212.0,0.1409090909090909,5.356586274672011,0.8821334104046247,28.1,28.93333333333333,28.66666666666667,28.82857142857143,29.0,29.0,28.731578947368426,29.23333333333333,30.366666666666664,29.46666666666667,29.742857142857147,30.16666666666667,30.16666666666667,29.78421052631579,27.16666666666667,28.23333333333333,28.133333333333336,28.214285714285715,28.53333333333333,28.53333333333333,28.08947368421052,8.3,9.33,10.433333333333334,10.159999999999998,5.518750000000002,8.52241379310345,31.250000000000004,31.849999999999994,36.155555555555566,38.36000000000001,16.675,29.93275862068965,0.15,0.0,0.0,0.0,0.0,0.020689655172413796,5.75,3.3,3.0,3.4,3.25,3.603448275862069,20.0,0.4225705981354757,0.7440356158595591,0.7681935483870969,477.3,60.20000000000001,313.19999999999993,385.41,323.39,262.57,296.7,41.72000000000001,0.7676472007333902,0.12620545073375264,0.600114964552596,0.7084091535704441,0.6594950648503141,0.5487356321839081,0.6743181818181818,0.16230936819172115
2016-05-28,198.0,0.10909090909090907,5.288267030694535,0.8837316763005785,28.83333333333333,29.66666666666667,29.03333333333333,29.385714285714283,29.366666666666664,29.366666666666664,29.28421052631579,29.5,30.566666666666666,29.83333333333333,30.014285714285716,30.16666666666667,30.16666666666667,30.01578947368421,28.0,28.566666666666666,27.933333333333334,28.42857142857143,28.23333333333333,28.23333333333333,28.27368421052632,8.774999999999999,9.77,7.611111111111112,6.626666666666668,7.312499999999999,7.8068965517241375,30.6875,36.7,29.988888888888887,29.3,34.325,32.260344827586195,0.0,0.0,0.0,0.0,0.0,0.0,3.5,2.7,2.4444444444444446,2.0,1.6875,2.3103448275862073,21.0,0.6541495455039019,0.9282461421753574,0.7722580645161291,508.73,53.25000000000001,277.11,389.46,296.85,286.78,271.71,62.72000000000001,0.8181964391977742,0.11163522012578618,0.5309637861659321,0.7158533223049354,0.6053715637490822,0.5993312434691744,0.6175227272727273,0.2440087145969499
2016-06-04,216.0,0.15,5.375278407684165,0.8853298265895951,27.633333333333336,28.566666666666666,28.3,28.45714285714286,28.53333333333333,28.53333333333333,28.331578947368413,29.46666666666667,30.46666666666667,29.5,29.928571428571434,29.633333333333336,29.633333333333336,29.82631578947369,26.133333333333336,26.96666666666667,26.8,27.08571428571429,27.0,27.0,26.85789473684211,5.125,4.01,1.6333333333333335,5.473333333333334,6.474999999999999,4.85344827586207,28.9125,21.29,6.4222222222222225,28.38666666666667,29.88125,24.2396551724138,0.0,0.0,0.0,0.0,0.0125,0.003448275862068966,3.875,2.5,2.0,2.6666666666666665,2.8125,2.7413793103448274,22.0,0.6247861391985552,-0.1964587714497021,0.7744000000000001,485.46,54.86,291.27,348.2999999999999,199.02,318.42000000000013,177.0,59.36000000000002,0.7807710246554191,0.1150104821802935,0.5580954205786548,0.6401985111662529,0.4058650787176768,0.6654545454545456,0.4022727272727273,0.2309368191721133
2016-06-11,158.0,0.01818181818181818,5.062595033026967,0.8869279768786129,27.933333333333334,28.93333333333333,28.7,28.57142857142857,28.96666666666667,28.96666666666667,28.610526315789482,28.93333333333333,30.03333333333333,29.73333333333333,29.385714285714283,30.03333333333333,30.03333333333333,29.57368421052632,26.66666666666667,27.83333333333333,27.866666666666664,27.74285714285714,28.066666666666666,28.066666666666666,27.657894736842106,7.949999999999998,7.011111111111112,2.8444444444444437,9.526666666666666,5.831250000000002,6.815789473684212,37.4125,35.333333333333336,12.333333333333336,37.106666666666676,24.0,29.27894736842105,0.0,0.0,0.0,0.0,0.0,0.0,3.375,4.666666666666667,3.0,3.733333333333333,4.5625,3.947368421052632,23.0,0.3721545602511824,0.6035412285503021,0.7751,457.62,65.52,289.55999999999995,393.02,208.32,341.04,268.5,36.40000000000001,0.7359956253920259,0.13735849056603772,0.5548189308296606,0.7223968385258709,0.4248307366016804,0.7127272727272728,0.6102272727272727,0.14161220043572986
2016-06-18,193.0,0.09772727272727272,5.2626901889048865,0.8885261271676296,27.2,28.266666666666666,27.9,27.942857142857147,28.23333333333333,28.23333333333333,27.91578947368421,28.133333333333336,29.23333333333333,28.7,28.7,29.0,29.0,28.742105263157892,25.6,26.4,26.433333333333334,26.58571428571429,26.633333333333336,26.633333333333336,26.38421052631579,9.2375,9.6,8.333333333333336,21.63333333333333,9.09375,12.373684210526314,34.5,40.42222222222223,35.888888888888886,111.57999999999998,47.35,59.5456140350877,0.05,0.06666666666666668,0.0,0.18000000000000005,0.025,0.0719298245614035,5.375,5.0,4.4444444444444455,5.7333333333333325,4.4375,5.0,24.0,-0.4594243871172346,-0.6701429819760136,0.7757999999999999,461.97,58.63,317.4899999999999,266.6,225.68,301.89,280.5,82.60000000000002,0.7429917815269311,0.12291404612159328,0.6083349300632304,0.49002849002848997,0.4602332979851537,0.6309090909090909,0.6375,0.3213507625272331
2016-06-25,215.0,0.14772727272727273,5.3706380281276624,0.8901243930635834,27.7,28.53333333333333,28.1,28.3,28.33333333333333,28.33333333333333,28.21578947368421,28.766666666666666,29.633333333333336,29.1,29.342857142857138,29.46666666666667,29.46666666666667,29.27894736842105,26.5,27.0,26.633333333333336,27.085714285714282,26.766666666666666,26.766666666666666,26.85789473684211,4.7125,8.088888888888889,8.271428571428572,6.293333333333332,7.35625,6.918181818181817,27.375,45.99999999999999,52.171428571428564,35.753333333333345,41.1625,39.87454545454546,0.0,0.0,0.0,0.0,0.0,0.0,1.875,1.8888888888888888,1.2857142857142858,1.8666666666666667,1.25,1.6181818181818182,25.0,0.07741771814592012,-0.1964587714497021,0.7765000000000001,424.97,73.61000000000001,305.03,461.43,268.67999999999995,322.19,279.44,79.38000000000002,0.6834842465863583,0.15431865828092245,0.5844606246407357,0.8481389578163773,0.5479239742230197,0.6733333333333333,0.6350909090909089,0.3088235294117647
2016-07-02,234.0,0.19090909090909086,5.455321115357702,0.8917225433526011,29.43333333333333,30.266666666666666,29.433333333333334,29.785714285714285,29.73333333333333,29.73333333333333,29.742105263157892,30.23333333333333,31.2,30.03333333333333,30.442857142857147,30.366666666666664,30.366666666666664,30.452631578947372,27.933333333333334,29.2,28.5,28.9,28.866666666666664,28.866666666666664,28.72631578947369,0.1,0.14444444444444446,0.1285714285714286,0.04,0.0125,0.0690909090909091,0.6875,0.7555555555555555,0.8285714285714285,0.2933333333333333,0.1125,0.4418181818181818,0.0,0.0,0.0,0.0,0.0,0.0,0.75,1.0,1.1428571428571428,0.4,0.4375,0.6545454545454545,26.0,1.5857080288025536,1.8781053366782776,0.7767419354838709,515.3100000000002,53.28,337.92,439.53,258.42,286.16,252.58,113.19,0.8287791305466653,0.11169811320754718,0.6474803602222647,0.8078853046594984,0.5270005710090546,0.5980355276907001,0.5740454545454545,0.4403594771241829
2016-07-09,247.0,0.22045454545454546,5.5093883366279774,0.8933206936416189,29.43333333333333,30.133333333333336,29.46666666666667,29.5,29.633333333333336,29.633333333333336,29.61111111111111,30.5,30.766666666666666,30.0,30.35,30.16666666666667,30.16666666666667,30.355555555555558,27.43333333333333,29.1,28.73333333333333,28.2,28.66666666666667,28.66666666666667,28.388888888888893,3.6,2.555555555555556,1.475,8.513333333333332,2.4062500000000004,4.103571428571429,22.7375,11.133333333333333,5.575,39.41333333333333,12.6375,20.00178571428572,0.0,0.0,0.0,0.0,0.0,0.0,1.625,2.333333333333333,2.375,2.333333333333333,1.9375,2.125,27.0,1.4886320054107465,1.5406784360934864,0.7758387096774193,517.9800000000001,52.48,313.6,396.76,243.09,274.48,239.44,62.23,0.8330733229329176,0.110020964360587,0.6008813949032381,0.7292712066905616,0.4957378252712292,0.5736259143155694,0.5441818181818181,0.2421023965141612
2016-07-16,223.0,0.16590909090909092,5.40717177146012,0.8949188439306356,27.7,28.633333333333336,28.16666666666667,28.25714285714286,28.43333333333333,28.43333333333333,28.242105263157892,29.7,30.33333333333333,29.633333333333336,29.87142857142857,29.9,29.9,29.884210526315798,26.23333333333333,27.266666666666666,27.1,26.842857142857138,27.2,27.2,26.910526315789475,9.775,7.059999999999998,3.8571428571428568,13.693333333333333,4.725,8.157142857142857,44.3,20.68,17.928571428571427,43.28666666666666,20.512500000000006,29.717857142857127,0.0,0.02,0.0,0.0,0.0,0.0035714285714285718,3.0,3.3,3.4285714285714284,3.1333333333333333,2.875,3.1071428571428568,28.0,1.017286976170979,0.06231586299406544,0.7749354838709678,452.12,74.24000000000002,346.88,430.43000000000006,257.69,327.04,260.61,114.17,0.7271499107386976,0.15563941299790354,0.6646484000766429,0.7911589008363203,0.5255118688310628,0.6834691745036573,0.5922954545454546,0.44417211328976025
2016-07-23,266.0,0.2636363636363636,5.583496308781699,0.8965171098265894,26.9,27.4,27.133333333333336,27.37142857142857,27.3,27.3,27.252631578947373,27.46666666666667,28.066666666666666,27.73333333333333,28.114285714285714,27.83333333333333,27.83333333333333,27.90000000000001,25.73333333333333,26.16666666666667,26.366666666666664,26.42857142857143,26.200000000000006,26.200000000000006,26.231578947368426,10.575,12.99,17.54285714285714,15.233333333333333,17.806666666666665,15.143636363636364,40.6875,41.58,58.042857142857144,48.44000000000001,54.21333333333334,48.86181818181819,0.5375000000000001,1.2,0.7999999999999999,0.3600000000000001,2.533333333333333,1.1872727272727273,7.0,7.0,6.571428571428571,6.6,6.933333333333334,6.8181818181818175,29.0,-0.9669235501448092,-0.6166315054269873,0.7740322580645161,492.17,60.96,373.12,395.85,202.94,354.0499999999999,201.48,152.39,0.7915627965324799,0.12779874213836478,0.7149262310787505,0.7275985663082438,0.4138592054816869,0.7399164054336467,0.4579090909090909,0.5928649237472767
2016-07-30,222.0,0.16363636363636366,5.402677381872278,0.8981152601156072,27.23333333333333,28.066666666666666,27.66666666666667,27.771428571428572,27.9,27.9,27.73684210526316,28.5,29.33333333333333,28.23333333333333,28.91428571428571,29.0,29.0,28.82105263157895,25.83333333333333,26.43333333333333,26.76666666666667,26.3,26.43333333333333,26.43333333333333,26.342105263157894,10.325,5.33,1.8142857142857145,9.59333333333333,3.473333333333333,6.2654545454545465,41.7375,22.68,7.528571428571429,38.84,13.800000000000002,25.509090909090904,0.0,0.0,0.05714285714285715,0.0,0.0,0.007272727272727274,3.0,2.0,1.5714285714285714,1.8666666666666667,1.2666666666666666,1.8545454545454545,30.0,-0.04587091856586767,-0.5061051896375126,0.7731290322580645,470.61000000000007,45.15,305.74,394.46,264.75,289.12000000000006,284.01,112.77,0.7568875950914327,0.09465408805031446,0.5858210385131251,0.7250436540759122,0.5399094542784892,0.6042215256008361,0.6454772727272727,0.4387254901960784
2016-08-06,210.0,0.13636363636363635,5.3471075307174685,0.8997134104046238,28.1,28.8,28.450000000000006,28.485714285714288,28.399999999999995,28.399999999999995,28.45555555555556,29.33333333333333,29.933333333333334,29.55,29.42857142857143,29.466666666666665,29.466666666666665,29.51666666666667,27.1,27.866666666666664,27.7,27.5,27.43333333333333,27.43333333333333,27.50555555555556,1.7125,5.299999999999999,5.5375,1.7466666666666668,3.13125,3.2859649122807015,10.2375,24.46,17.8125,9.766666666666667,13.9,14.7,0.0,0.0,0.1,0.0,0.0,0.014035087719298246,1.375,2.0,1.625,1.1333333333333333,1.3125,1.4385964912280702,31.0,0.7660083091250911,0.6898970437457272,0.7666129032258064,443.52,38.7,282.72,376.83,324.75,171.36,220.81,83.52,0.7133184296444024,0.08113207547169811,0.5417129718336845,0.6926385442514477,0.662268537401093,0.3581191222570533,0.5018409090909091,0.3249299719887955
2016-08-13,198.0,0.10909090909090907,5.288267030694535,0.9013115606936416,28.66666666666667,29.866666666666664,29.1,29.2,29.366666666666664,29.366666666666664,29.231578947368426,29.46666666666667,30.5,29.5,29.614285714285717,29.633333333333336,29.633333333333336,29.71578947368421,28.0,29.33333333333333,28.8,28.67142857142857,29.03333333333333,29.03333333333333,28.747368421052638,2.7124999999999995,1.69,0.5625,2.9,0.9187499999999998,1.7771929824561403,12.2,10.88,2.9375,16.64,5.737499999999999,10.022807017543856,0.0,0.0,0.0,0.0,0.0,0.0,2.25,1.6,1.125,1.8,1.125,1.5438596491228067,32.0,0.9651311161426328,1.9317099092428047,0.7591612903225807,455.84,30.899999999999995,218.31,386.31,318.75,166.6,270.51,60.48,0.7331328304678578,0.06477987421383646,0.41829852462157496,0.7100634132892198,0.6500326290888326,0.348171368861024,0.6147954545454545,0.2352941176470588
2016-08-20,222.0,0.16363636363636366,5.402677381872278,0.9029098265895954,28.93333333333333,29.73333333333333,29.03333333333333,29.185714285714283,29.5,29.5,29.24444444444444,29.633333333333336,30.46666666666667,29.7,29.9,30.3,30.3,29.961111111111112,28.133333333333336,28.76666666666667,28.266666666666666,28.157142857142862,28.450000000000006,28.450000000000006,28.305555555555557,4.95,6.177777777777778,3.025,5.0600000000000005,3.546666666666667,4.5181818181818185,19.525,33.622222222222234,14.4,24.54666666666667,22.89333333333333,23.37454545454545,0.0,0.0,0.0,0.0,0.0,0.0,2.375,2.1111111111111107,2.0,1.5333333333333334,1.2,1.7272727272727273,33.0,1.2104527535695304,1.4898970437457282,0.7517096774193548,545.5999999999998,40.35,240.54,300.2,351.75,233.92,225.07,110.52,0.8774948936101773,0.08459119496855347,0.4608928913584977,0.5517875195294549,0.7173301248062648,0.4888610240334378,0.5115227272727272,0.4299719887955182
2016-08-27,274.0,0.2818181818181818,5.613128106388071,0.9045079768786132,28.566666666666666,29.366666666666664,28.633333333333336,28.87142857142857,28.9,28.9,28.86666666666666,29.33333333333333,30.100000000000005,29.23333333333333,29.52857142857142,29.65,29.65,29.555555555555557,27.46666666666667,28.03333333333333,27.600000000000005,27.642857142857146,27.55,27.55,27.66111111111111,7.8,6.044444444444442,7.4875,9.28,5.8066666666666675,7.327272727272725,32.037499999999994,29.377777777777773,24.050000000000004,46.35999999999999,26.773333333333333,32.9109090909091,0.0,0.0,0.0,0.0,0.0,0.0,0.875,1.2222222222222223,1.75,1.0666666666666669,1.1333333333333333,1.181818181818182,34.0,0.8048971980139791,0.8454525993012822,0.7442580645161291,520.73,91.32,301.14,420.89,351.94,253.40000000000003,419.86,76.88999999999999,0.8374961802595816,0.1914465408805032,0.5770070894807433,0.7736237478172963,0.717717595236153,0.52957157784744,0.9542272727272728,0.29913632119514466
2016-09-03,311.0,0.3659090909090909,5.739792912179233,0.9061061271676298,27.93333333333333,28.866666666666664,28.133333333333336,28.514285714285712,28.65,28.65,28.427777777777774,29.2,29.933333333333334,29.03333333333333,29.685714285714283,30.1,30.1,29.58333333333333,26.23333333333333,27.3,26.9,26.857142857142854,27.200000000000006,27.200000000000006,26.872222222222234,3.0999999999999988,2.0777777777777784,2.4833333333333334,3.053333333333333,1.7714285714285716,2.4686274509803927,13.171428571428573,8.977777777777778,9.983333333333334,15.446666666666667,6.671428571428571,10.941176470588236,0.0,0.0,0.0,0.0,0.0,0.0,2.0,3.0,2.0,2.7333333333333334,2.7142857142857144,2.588235294117647,35.0,0.8134528963833958,0.3794367200399229,0.7399,513.53,78.30000000000003,277.75,420.64,356.89,306.18,373.0,137.70999999999998,0.825916335622497,0.16415094339622646,0.5321900747269591,0.7731642312287476,0.7278122195937679,0.6398746081504703,0.8477272727272728,0.5357531901649547
2016-09-10,242.0,0.20909090909090908,5.488937726156687,0.9077042774566476,27.73333333333333,28.600000000000005,28.03333333333333,28.228571428571428,28.5,28.5,28.20555555555556,29.03333333333333,29.73333333333333,29.100000000000005,29.271428571428572,29.450000000000006,29.450000000000006,29.3,26.53333333333333,27.53333333333333,27.066666666666666,27.1,27.3,27.3,27.094444444444445,5.1000000000000005,6.311111111111113,2.4799999999999995,8.066666666666666,6.938461538461539,6.4510204081632665,20.800000000000004,20.288888888888884,10.46,36.50666666666665,21.984615384615378,24.773469387755092,0.0,0.0,0.0,0.0,0.0,0.0,2.4285714285714284,2.0,2.4,2.4,2.4615384615384617,2.346938775510204,36.0,0.5301195630500644,0.6016589422621408,0.7396666666666667,489.50000000000006,47.88,281.6,417.12,291.92,341.82,395.0,138.17999999999998,0.7872686041462278,0.10037735849056603,0.5395669668518873,0.7666942376619796,0.5953177257525084,0.7143573667711599,0.8977272727272727,0.5375816993464051
2016-09-17,175.0,0.05681818181818181,5.1647859739235145,0.9093024277456644,27.66666666666667,28.46666666666667,27.93333333333333,28.17142857142857,28.5,28.5,28.13333333333333,28.8,29.46666666666667,28.866666666666664,29.185714285714287,29.5,29.5,29.15,25.7,26.53333333333333,26.23333333333333,26.657142857142855,26.85,26.85,26.427777777777766,5.014285714285714,8.133333333333333,10.64,5.246666666666666,6.453846153846153,6.614285714285715,17.428571428571427,35.57777777777778,52.84,18.073333333333327,27.846153846153847,27.33673469387755,0.0,0.0,0.0,0.0,0.0,0.0,2.142857142857143,1.3333333333333333,1.6,2.0,1.6923076923076923,1.7755102040816326,37.0,0.3801195630500693,-0.06500772440453417,0.7394333333333334,564.26,43.38,286.0,432.08,458.35,315.9000000000001,385.0,147.11,0.907505990961288,0.09094339622641508,0.5479977007089479,0.7941917103207426,0.9347214291540908,0.6601880877742947,0.875,0.5723233737939619
2016-09-24,174.0,0.054545454545454536,5.159055299214528,0.910900693641618,28.16666666666667,28.93333333333333,28.2,28.67142857142857,28.85,28.85,28.57222222222222,29.0,29.6,28.566666666666666,29.25714285714286,29.4,29.4,29.172222222222214,27.33333333333333,28.26666666666667,27.86666666666667,28.014285714285712,28.4,28.4,27.961111111111112,1.7666666666666668,3.733333333333333,6.6400000000000015,6.739999999999998,10.823076923076924,6.650000000000001,6.166666666666668,14.1,22.9,25.35333333333333,35.984615384615395,23.46875,0.0,0.0,0.0,0.0,0.0,0.0,4.0,3.888888888888889,3.6,3.6,3.3846153846153846,3.6458333333333335,38.0,0.4023417852722844,1.4683256089288044,0.7392,517.09,47.34,266.75,455.84,368.46,313.47,336.0,131.6,0.8316419254708334,0.09924528301886794,0.5111132400843073,0.8378641668964251,0.75140712945591,0.6551097178683386,0.7636363636363637,0.5119825708061001
2016-10-01,138.0,-0.027272727272727268,4.927253685157205,0.912498843930636,28.4,29.16666666666667,28.36666666666667,29.085714285714282,29.25,29.25,28.88333333333333,29.46666666666667,30.066666666666666,29.466666666666665,29.785714285714285,30.1,30.1,29.761111111111106,27.5,28.3,27.6,28.214285714285715,28.35,28.35,28.02222222222223,1.1666666666666667,0.7333333333333332,1.34,0.6866666666666668,0.3923076923076924,0.7437500000000002,8.016666666666666,4.311111111111112,8.639999999999999,3.646666666666667,2.353846153846153,4.487500000000002,0.0,0.0,0.0,0.0,0.0,0.0,1.0,1.3333333333333333,1.4,1.2666666666666666,1.0,1.1875,39.0,0.9784218328387944,1.2478324643025438,0.7383870967741936,466.12,39.6,256.15000000000003,474.15,255.06,224.1,144.54000000000005,65.1,0.7496662753108063,0.08301886792452831,0.4908028357922973,0.8715191618417426,0.5201484623541888,0.4683385579937304,0.3285000000000001,0.2532679738562091
2016-10-08,125.0,-0.05681818181818181,4.8283137373023015,0.9140969942196536,27.633333333333336,28.566666666666666,27.9,28.20000000000001,28.5,28.5,28.15,29.5,30.53333333333333,29.46666666666667,29.771428571428572,29.55,29.55,29.777777777777782,25.2,26.0,25.899999999999995,26.114285714285714,26.200000000000006,26.200000000000006,25.91666666666666,9.72857142857143,9.666666666666664,11.0,10.76666666666667,11.961538461538465,10.762,62.48571428571428,42.22222222222221,50.21666666666667,52.41333333333334,48.769230769230774,50.77799999999998,0.0,0.0,0.0,0.0,0.0,0.0,1.4285714285714286,2.4444444444444446,2.333333333333333,2.333333333333333,2.4615384615384617,2.26,40.0,0.9950884995054672,-0.8577230912530212,0.7340967741935485,478.16,28.6,249.57,430.65,319.0200000000001,326.7,166.32,78.96,0.7690303488428196,0.059958071278826,0.4781950565242382,0.7915632754342432,0.6505832449628844,0.6827586206896551,0.37799999999999995,0.3071895424836601
2016-10-15,94.0,-0.12727272727272726,4.543294782270004,0.9156951445086704,28.8,29.766666666666666,29.16666666666667,29.342857142857138,29.65,29.65,29.327777777777772,29.83333333333333,30.73333333333333,29.9,29.985714285714288,30.75,30.75,30.15555555555556,27.866666666666664,28.8,28.2,28.485714285714288,28.5,28.5,28.38888888888889,1.0714285714285716,2.855555555555556,2.4714285714285706,4.753333333333334,5.3533333333333335,3.813207547169811,5.9,18.511111111111113,11.157142857142858,29.44,26.573333333333334,21.249056603773578,0.0,0.0,0.0,0.0,0.0,0.0,1.7142857142857142,1.4444444444444444,1.1428571428571428,1.8666666666666667,1.8,1.660377358490566,41.0,1.3728662772832472,1.614499130969211,0.7298064516129033,469.56,35.75000000000001,257.09000000000003,341.04,273.78,247.5,209.88,51.24,0.7551988677485244,0.07494758909853251,0.4926039471163058,0.6268541494347947,0.558324496288441,0.5172413793103449,0.47700000000000004,0.19934640522875813
2016-10-22,108.0,-0.09545454545454546,4.68213122712422,0.917293410404624,28.33333333333333,29.1,28.5,28.728571428571428,28.95,28.95,28.711111111111112,29.26666666666667,29.8,29.366666666666664,29.314285714285717,29.75,29.75,29.444444444444446,27.23333333333333,27.9,27.4,27.7,27.8,27.8,27.61666666666667,4.614285714285715,4.477777777777779,4.271428571428571,8.133333333333333,3.9266666666666667,5.347169811320756,21.814285714285717,17.911111111111108,19.02857142857143,29.14666666666667,14.366666666666667,20.750943396226415,0.0,0.0,0.0,0.0,0.0,0.0,3.1428571428571432,1.7777777777777777,1.4285714285714286,2.0,1.5333333333333334,1.9056603773584904,42.0,0.6617551661721315,0.8422769087469888,0.7255161290322579,485.04,33.11,215.73,390.63000000000005,256.62,315.0,148.5,48.3,0.7800955337182559,0.06941299790356394,0.4133550488599348,0.7180038599393441,0.5233297985153764,0.6583072100313481,0.3375,0.18790849673202611
2016-10-29,84.0,-0.15,4.430816798843313,0.918891560693642,26.83333333333333,27.4,27.0,27.428571428571423,27.5,27.5,27.261111111111106,28.03333333333333,28.76666666666667,28.03333333333333,28.414285714285718,28.6,28.6,28.36666666666667,25.399999999999995,26.066666666666666,25.93333333333333,26.47142857142857,26.7,26.7,26.16111111111111,13.442857142857141,10.155555555555557,10.4,11.206666666666667,11.953333333333335,11.409259259259258,42.49999999999999,36.055555555555564,29.2875,41.586666666666666,34.57333333333334,37.01296296296297,0.08571428571428573,0.4888888888888888,0.4,0.18666666666666665,0.5199999999999999,0.3481481481481481,6.428571428571429,7.0,6.0,6.4,6.466666666666668,6.462962962962963,43.0,-0.41602261160564413,-0.6132786468085705,0.7212258064516129,457.18,28.98,255.36,291.54,276.84,303.74,206.44,113.67,0.7352879682197597,0.06075471698113207,0.4892891358497796,0.535869864902123,0.5645648095276938,0.6347753396029259,0.4691818181818182,0.4422268907563025
2016-11-05,86.0,-0.14545454545454545,4.4543472962535064,0.9204897109826584,27.33333333333333,27.73333333333333,27.366666666666664,27.714285714285715,27.75,27.75,27.6,28.16666666666667,29.1,28.5,28.47142857142857,28.9,28.9,28.57777777777777,26.73333333333333,26.96666666666667,26.633333333333336,26.785714285714285,26.7,26.7,26.77222222222222,8.400000000000002,9.699999999999998,8.8375,6.98,10.419999999999998,8.848148148148148,27.457142857142852,37.81111111111111,30.899999999999995,25.00666666666667,33.4,30.66296296296296,0.17142857142857146,0.0,0.0,0.24,0.0,0.0888888888888889,5.571428571428571,5.0,4.75,5.533333333333332,4.666666666666667,5.092592592592593,44.0,0.3659274722272805,0.5258478014528691,0.7293333333333334,468.35,28.88,281.26000000000005,229.89,283.92,315.7,205.57,149.43,0.7532528105247922,0.06054507337526205,0.5389155010538418,0.4225530741659774,0.5790031813361611,0.6597701149425287,0.4672045454545454,0.5813492063492063
2016-11-12,84.0,-0.15,4.430816798843313,0.9220878612716764,27.3,28.03333333333333,27.5,27.771428571428572,28.1,28.1,27.727777777777767,28.8,29.366666666666664,28.633333333333336,28.885714285714286,29.05,29.05,28.92777777777778,26.0,26.766666666666666,26.633333333333336,26.67142857142857,26.9,26.9,26.59444444444444,5.0285714285714285,7.74,7.425000000000002,6.953333333333334,4.75,6.348148148148147,20.342857142857145,23.99,28.925,30.16,18.87857142857143,24.63703703703704,0.05714285714285715,0.36,0.0,0.013333333333333334,0.028571428571428574,0.0851851851851852,4.571428571428571,4.3,4.125,3.533333333333333,4.142857142857143,4.055555555555555,45.0,0.7159274722272926,0.348070023675092,0.7424,429.25000000000006,28.800000000000004,256.76,237.00000000000003,345.24,305.86,268.40000000000003,130.56,0.6903678208984031,0.06037735849056605,0.4919716420770262,0.4356217259443067,0.7040541642874623,0.6392058516196446,0.6100000000000001,0.5079365079365079
2016-11-19,72.0,-0.17727272727272728,4.276666119016055,0.92368612716763,26.73333333333333,27.33333333333333,27.066666666666666,27.0,27.55,27.55,27.08333333333333,27.43333333333333,27.96666666666667,27.93333333333333,27.828571428571426,28.6,28.6,27.88888888888889,24.866666666666664,25.566666666666666,25.53333333333333,25.457142857142852,25.75,25.75,25.422222222222228,8.22857142857143,13.61,15.755555555555553,13.49333333333333,13.014285714285714,13.092727272727275,27.228571428571428,41.71,48.488888888888894,47.2,34.59285714285714,40.66181818181817,0.07142857142857142,0.0,0.04444444444444445,0.02666666666666667,0.2857142857142857,0.09636363636363636,5.428571428571429,4.5,4.777777777777779,3.933333333333333,5.571428571428571,4.781818181818182,46.0,-0.3229614166615953,-0.8241521985471252,0.7554666666666666,423.3,32.96,238.14,304.1500000000001,283.92,352.6,236.68,175.95,0.6807983659552568,0.06909853249475892,0.4562943092546464,0.5590478816285269,0.5790031813361611,0.7368861024033438,0.5379090909090909,0.6845238095238094
2016-11-26,75.0,-0.17045454545454544,4.31748811353631,0.925284277456648,27.33333333333333,28.0,27.66666666666667,27.828571428571426,28.200000000000006,28.200000000000006,27.788888888888888,27.83333333333333,28.566666666666666,28.266666666666666,28.214285714285715,28.85,28.85,28.288888888888888,27.0,27.43333333333333,27.366666666666664,27.37142857142857,27.6,27.6,27.344444444444445,4.328571428571428,10.110000000000003,6.066666666666666,7.386666666666668,8.457142857142856,7.549090909090909,16.214285714285708,36.32000000000001,23.577777777777772,31.473333333333336,33.121428571428574,29.54000000000001,0.0,0.0,0.0,0.0,0.028571428571428574,0.007272727272727274,2.8571428571428568,2.3,2.2222222222222223,3.466666666666667,3.5,2.981818181818182,47.0,0.07703858333839975,1.0980700236750955,0.7685333333333333,406.30000000000007,37.03,225.34,339.7000000000001,315.0,327.52,166.22,146.7,0.6534570661176964,0.07763102725366877,0.4317685380341061,0.624391140520173,0.6423851863936699,0.6844723092998954,0.3777727272727273,0.5707282913165265
2016-12-03,86.0,-0.14545454545454545,4.4543472962535064,0.9268824277456644,26.933333333333334,27.366666666666664,27.066666666666666,27.042857142857148,26.9,26.9,27.06666666666667,27.83333333333333,28.366666666666664,28.066666666666666,27.97142857142857,27.9,27.9,28.02222222222223,25.46666666666667,25.9,25.73333333333333,25.814285714285717,25.65,25.65,25.738888888888887,1.9428571428571428,2.9299999999999997,2.855555555555556,4.1866666666666665,3.064285714285714,3.1690909090909094,11.257142857142856,11.090000000000002,13.4,15.72,7.357142857142858,11.80181818181818,0.0,0.0,0.0,0.0,0.2714285714285714,0.06909090909090909,2.2857142857142856,3.0,2.888888888888889,2.6,3.0,2.7818181818181817,48.0,0.20660619903353705,-0.058245515789124624,0.7713548387096774,375.7,21.28,238.0,317.5800000000001,249.48,197.34,244.12000000000003,82.08,0.6042427264100874,0.04461215932914046,0.4560260586319218,0.583733112765371,0.5087690676237865,0.4124137931034482,0.5548181818181819,0.3193277310924369
2016-12-10,59.0,-0.20681818181818185,4.07753744390572,0.9284805780346824,28.0,28.46666666666667,27.866666666666664,28.728571428571428,28.5,28.5,28.394444444444442,29.16666666666667,29.266666666666666,28.63333333333333,29.242857142857147,29.15,29.15,29.122222222222227,26.633333333333336,27.23333333333333,26.899999999999995,27.714285714285715,26.95,26.95,27.23333333333333,5.114285714285714,5.29,7.222222222222222,3.1800000000000006,4.007142857142857,4.681818181818182,15.171428571428573,17.009999999999998,22.47777777777777,17.713333333333335,17.52857142857143,17.994545454545452,0.0,0.04,0.1111111111111111,0.0,0.0,0.02545454545454545,4.428571428571429,4.3,4.666666666666667,2.466666666666667,2.8571428571428568,3.5090909090909093,49.0,1.306606199033535,1.4361989286553192,0.7605161290322581,413.1,25.06,250.5,293.0900000000001,301.56,262.86,205.36,174.24,0.6643935860527205,0.052536687631027264,0.4799770070894807,0.5387188677511259,0.6149767517742067,0.5493416927899687,0.4667272727272728,0.6778711484593838
2016-12-17,81.0,-0.15681818181818186,4.394449154672439,0.930078843930636,27.66666666666667,28.16666666666667,27.7,28.142857142857146,28.15,28.15,27.994444444444447,28.366666666666664,29.2,28.566666666666666,29.1,29.2,29.2,28.91666666666667,26.16666666666667,26.5,26.4,26.585714285714282,26.4,26.4,26.450000000000006,1.6857142857142855,2.98,4.066666666666666,1.0466666666666666,2.05,2.229090909090909,7.114285714285713,15.7,19.5,5.759999999999999,10.542857142857146,11.205454545454543,0.0,0.0,0.0,0.0,0.0,0.0,1.7142857142857142,1.9,2.0,1.0666666666666669,1.2142857142857142,1.490909090909091,50.0,1.1010506434779828,0.6528655953219911,0.7496774193548387,353.6,25.340000000000003,245.5,319.95,335.99999999999994,265.2,239.36,66.72,0.5686990366212586,0.05312368972746332,0.470396627706457,0.5880893300248139,0.6852108654865812,0.5542319749216301,0.544,0.2595704948646125
2016-12-24,72.0,-0.17727272727272728,4.276666119016055,0.9316769942196528,27.2,27.633333333333336,27.33333333333333,27.542857142857148,27.45,27.45,27.45555555555556,28.16666666666667,28.73333333333333,28.5,28.714285714285715,28.85,28.85,28.605555555555554,26.433333333333334,26.7,26.33333333333333,26.714285714285715,26.65,26.65,26.594444444444452,15.4,17.45,17.522222222222222,11.881249999999998,16.185714285714287,15.298214285714293,52.2,51.74,63.40000000000001,35.10625,58.228571428571435,50.541071428571456,0.18571428571428567,0.1,0.011111111111111113,0.0375,0.0,0.05357142857142857,5.428571428571429,4.0,4.111111111111111,2.875,3.0,3.625,51.0,0.7899395323668656,0.7973100397664368,0.7388387096774193,356.15,26.950000000000006,240.0,368.14,325.92,223.86,206.72000000000003,154.56,0.5728002315968928,0.05649895178197065,0.4598582103851312,0.6766657476334897,0.6646545395219837,0.4678369905956112,0.4698181818181818,0.6013071895424836
2016-12-31,64.0,-0.19545454545454544,4.158883083359672,0.9332751445086706,26.5,26.866666666666664,26.633333333333336,26.885714285714283,26.75,26.75,26.761111111111106,27.3,27.7,27.366666666666664,27.557142857142853,27.6,27.6,27.51111111111112,25.5,25.7,25.73333333333333,26.1,25.7,25.7,25.827777777777783,5.4,4.7,2.811111111111112,4.30625,4.05,4.208928571428571,29.442857142857147,20.5,11.533333333333335,18.03125,14.314285714285715,17.924999999999994,0.0,0.0,0.0,0.0,0.0,0.0,2.2857142857142856,2.2,2.2222222222222223,2.25,2.2857142857142856,2.25,52.0,-0.30450491207757224,0.0306433730997675,0.728,483.05,27.860000000000007,282.54,313.92,291.13000000000005,325.61,220.08,89.29999999999998,0.7768949933255063,0.05840670859538785,0.5413680781758957,0.5770057899090157,0.5937066644913942,0.6804806687565309,0.5001818181818182,0.3474167444755679
2017-01-07,70.0,-0.18181818181818185,4.248495242049359,0.9333853179190749,27.266666666666666,27.866666666666664,27.46666666666667,27.649999999999995,27.66666666666667,27.66666666666667,27.594444444444445,28.66666666666667,29.866666666666664,28.76666666666667,29.566666666666666,29.6,29.6,29.33888888888889,26.33333333333333,26.566666666666666,26.43333333333333,26.266666666666666,26.53333333333333,26.53333333333333,26.399999999999995,6.371428571428572,3.98,1.8555555555555556,6.425,6.366666666666666,5.25263157894737,38.07142857142857,19.84,6.666666666666668,29.35625,28.8,25.028070175438586,0.0,0.0,0.0,0.0,0.0,0.0,4.142857142857143,4.4,4.333333333333333,3.375,4.666666666666667,4.140350877192983,1.0,1.7518047240037653,0.6644529999604032,0.7550967741935483,473.48,31.64,271.89000000000004,328.0,309.54,237.79,252.3,69.08999999999999,0.7615034498287149,0.06633123689727463,0.5209618700900556,0.6028857641760869,0.6312505098295129,0.4969487983281086,0.5734090909090909,0.2687908496732025
2017-01-14,91.0,-0.1340909090909091,4.51085950651685,0.9334954913294792,27.96666666666667,28.43333333333333,27.8,28.750000000000004,28.6,28.6,28.383333333333336,28.96666666666667,29.933333333333334,28.866666666666664,29.65,29.43333333333333,29.43333333333333,29.41666666666666,27.16666666666667,27.2,26.8,28.066666666666666,28.0,28.0,27.55,3.1,6.130000000000001,5.444444444444443,0.4625,1.3866666666666665,2.8105263157894744,13.785714285714285,25.4,26.63333333333333,3.2375,5.493333333333334,12.70877192982456,0.0,0.0,0.0,0.0,0.0,0.0,1.8571428571428568,2.0,2.4444444444444446,0.375,0.9333333333333332,1.3157894736842106,2.0,1.8295825017815373,1.814452999960405,0.7821935483870968,497.51,30.31,253.34000000000003,309.6,254.87,219.62,187.92,94.94,0.8001511813049842,0.06354297693920335,0.4854186625790381,0.5690653432588917,0.5197609919243005,0.4589759665621735,0.4270909090909091,0.36935885465297225
2017-01-21,74.0,-0.17272727272727273,4.30406509320417,0.9336056647398848,27.0,27.433333333333334,26.766666666666666,27.616666666666664,27.66666666666667,27.66666666666667,27.35,28.0,28.46666666666667,27.23333333333333,28.6,28.53333333333333,28.53333333333333,28.238888888888887,26.066666666666666,26.7,26.200000000000006,26.566666666666666,26.73333333333333,26.73333333333333,26.47222222222223,15.314285714285711,16.93,12.433333333333335,8.68125,10.686666666666667,12.063157894736841,51.40000000000001,51.42,38.33333333333334,34.91875,36.373333333333335,40.75964912280703,0.0,0.0,0.0,0.0,0.0,0.0,4.0,4.0,4.111111111111111,3.6875,3.733333333333333,3.8596491228070176,3.0,0.651804724003771,0.7366752221826331,0.8092903225806451,464.58,24.290000000000006,204.05,321.6,240.24,206.19000000000003,207.64,104.34,0.7471894752078743,0.0509224318658281,0.3909752826211917,0.5911221395092363,0.4899257688229056,0.43090909090909096,0.4719090909090909,0.4059290382819794
2017-01-28,63.0,-0.19772727272727272,4.143134726391533,0.9337159537572252,25.899999999999995,26.2,26.1,26.11666666666667,26.0,26.0,26.07647058823529,27.33333333333333,27.6,27.4,27.35,27.25,27.25,27.388235294117646,24.0,24.16666666666667,24.133333333333336,24.43333333333333,23.9,23.9,24.19411764705883,14.771428571428574,15.279999999999998,17.511111111111113,16.15625,19.85333333333333,17.01929824561404,57.58571428571428,64.44000000000001,72.67777777777778,76.15625,85.98666666666666,73.85789473684211,0.37142857142857133,0.02,0.011111111111111113,0.05625,3.64,1.024561403508772,5.7142857142857135,4.9,3.888888888888889,5.8125,5.266666666666667,5.192982456140351,4.0,-0.1988488707674776,-1.5414293529807637,0.8363870967741935,534.0,35.56000000000001,285.21,414.4,336.5,298.41,227.56,107.27,0.8588384772504303,0.07454926624737948,0.5464840007664302,0.7616946971785682,0.6862305245126029,0.6236363636363635,0.5171818181818182,0.4173280423280423
2017-02-04,62.0,-0.2,4.127134385045092,0.9338261271676296,26.766666666666666,27.0,26.766666666666666,27.35,27.0,27.0,27.04117647058823,27.3,27.7,27.23333333333333,27.78333333333333,27.5,27.5,27.552941176470586,25.83333333333333,25.93333333333333,26.100000000000005,26.83333333333334,26.1,26.1,26.282352941176466,9.285714285714286,7.789999999999999,9.644444444444446,2.1750000000000003,2.8266666666666667,5.38421052631579,30.842857142857145,29.51999999999999,36.933333333333344,10.1625,12.213333333333335,20.864912280701756,0.0,0.0,0.0,0.0,0.0,0.0,2.7142857142857144,3.0,2.888888888888889,1.9375,2.533333333333333,2.526315789473684,5.0,-0.20821829640946632,-0.061784557762500476,0.8457142857142856,512.6400000000001,25.130000000000006,314.05000000000007,372.0,420.0,293.2800000000001,273.0,120.0,0.8244849381604132,0.05268343815513627,0.6017436290477103,0.6837606837606838,0.8565135818582266,0.6129153605015675,0.6204545454545455,0.4668534080298786
2017-02-11,77.0,-0.16590909090909092,4.343805421853683,0.9339363005780352,27.26666666666667,27.366666666666664,26.899999999999995,27.700000000000006,27.4,27.4,27.388235294117646,27.866666666666664,27.933333333333334,27.53333333333333,28.3,28.0,28.0,27.988235294117647,26.53333333333333,26.43333333333333,25.866666666666664,27.03333333333333,26.5,26.5,26.57058823529412,6.614285714285715,5.880000000000001,8.52222222222222,4.449999999999998,8.62,6.70701754385965,23.585714285714282,27.26,31.422222222222228,26.931249999999995,54.973333333333336,34.66666666666667,0.028571428571428574,0.0,0.0,0.0,0.0,0.003508771929824561,2.0,2.8,3.555555555555556,2.75,2.6,2.754385964912281,6.0,0.22707582123759096,0.2264507363551473,0.8417142857142857,477.04000000000013,25.760000000000005,268.4,356.0,383.2000000000001,261.29999999999995,364.7,88.0,0.7672290396770511,0.05400419287211741,0.514274765280705,0.6543516220935577,0.7814666775430297,0.5460815047021943,0.8288636363636364,0.3423591658885776
2017-02-18,53.0,-0.22045454545454546,3.970291913552122,0.9340464739884397,26.46666666666667,26.633333333333336,26.633333333333336,26.8,26.5,26.5,26.64705882352941,27.16666666666667,27.23333333333333,27.1,27.41666666666667,27.15,27.15,27.252941176470593,25.5,25.6,25.8,25.933333333333334,25.6,25.6,25.735294117647058,2.4000000000000004,2.6100000000000003,3.755555555555555,1.75,2.2,2.416363636363636,6.42,12.16,18.855555555555558,5.0625,8.360000000000001,9.632727272727275,0.0,0.0,0.0,0.0,0.10666666666666667,0.029090909090909087,4.0,3.8,3.888888888888889,4.125,3.6,3.872727272727273,7.0,-0.5082182964094599,-0.6088433812919121,0.8377142857142857,508.19,32.97000000000001,301.95,379.2000000000001,355.2,326.82,315.69999999999993,53.76000000000001,0.8173279508499927,0.06911949685534592,0.5785591109407932,0.6969947615108907,0.7243657720858144,0.6830094043887147,0.7174999999999998,0.20915032679738566
2017-02-25,54.0,-0.21818181818181814,3.9889840465642745,0.9341566473988441,26.83333333333333,27.133333333333336,27.066666666666666,26.9,27.1,27.1,26.97777777777777,27.73333333333333,27.8,27.73333333333333,27.714285714285715,27.8,27.8,27.74444444444445,24.8,25.23333333333333,25.133333333333336,25.385714285714286,25.1,25.1,25.18888888888889,7.957142857142857,7.469999999999999,6.788888888888889,8.181249999999999,4.978571428571429,7.001785714285715,31.657142857142862,28.73999999999999,37.41111111111111,28.51875,21.15714285714285,28.539285714285718,0.0,0.0,0.0,0.0125,0.0,0.0035714285714285718,2.7142857142857144,2.8,2.555555555555556,3.25,2.642857142857143,2.8392857142857144,8.0,-0.01671502843560191,-1.15524861005008,0.8337142857142856,479.71,35.14,277.1,367.07,191.82,248.0,269.67999999999995,89.24,0.7715232320633031,0.07366876310272537,0.530944625407166,0.6746990166345006,0.3911819887429643,0.5182863113897597,0.6129090909090908,0.34718331777155303
2017-03-04,41.0,-0.24772727272727274,3.7135720667043084,0.9342668208092484,26.5,26.7,26.633333333333336,26.42857142857143,26.65,26.65,26.54444444444444,27.766666666666666,27.73333333333333,27.399999999999995,27.5,27.5,27.5,27.566666666666666,25.16666666666667,25.33333333333333,25.33333333333333,25.271428571428572,25.2,25.2,25.266666666666666,7.799999999999999,10.22,8.022222222222222,11.587500000000002,8.242857142857144,9.460714285714284,23.642857142857146,35.52,28.488888888888887,31.31875,31.08571428571429,30.59642857142857,0.1142857142857143,0.18,0.011111111111111113,0.08750000000000001,0.08571428571428573,0.09464285714285717,4.714285714285714,5.0,5.222222222222221,5.125,5.7142857142857135,5.214285714285714,9.0,-0.8224082392591292,-1.4184872508907738,0.8310967741935484,494.84,28.14000000000001,285.04,361.05,304.14,400.06,194.70000000000005,99.44,0.7958569889187321,0.05899371069182392,0.5461582678674075,0.6636338571822442,0.6202381923484787,0.8360710553814001,0.4425000000000001,0.3868658574540927
2017-03-11,32.0,-0.2681818181818182,3.4657359027997265,0.9343771098265898,27.23333333333333,27.366666666666664,27.2,27.3,27.25,27.25,27.277777777777782,27.46666666666667,27.73333333333333,27.73333333333333,27.67142857142857,27.6,27.6,27.649999999999995,26.933333333333334,27.1,26.9,26.785714285714285,26.75,26.75,26.877777777777787,2.7000000000000006,3.8333333333333335,2.2555555555555555,6.23125,4.921428571428573,4.437037037037037,11.866666666666667,18.53333333333333,13.022222222222226,23.85625,20.428571428571427,18.942592592592593,0.0,0.0,0.0,0.0,0.0,0.0,3.0,2.555555555555556,1.5555555555555556,3.0625,2.5,2.5740740740740744,10.0,-0.7390749059257969,0.19262386022034408,0.8295161290322581,491.28,25.340000000000003,266.56,394.11,322.64,418.32,242.88,143.44,0.7901313990703959,0.05312368972746332,0.5107491856677524,0.7244003308519439,0.6579655763112815,0.8742319749216301,0.5519999999999999,0.5580454403983816
2017-03-18,35.0,-0.26136363636363635,3.555348061489413,0.9344872832369944,27.66666666666667,28.16666666666667,27.566666666666666,27.814285714285717,27.8,27.8,27.805555555555557,29.03333333333333,29.43333333333333,28.399999999999995,28.87142857142857,28.7,28.7,28.894444444444453,26.53333333333333,27.03333333333333,26.700000000000006,26.857142857142854,26.8,26.8,26.8,6.016666666666667,3.9777777777777774,1.477777777777778,7.643749999999998,3.807142857142857,4.829629629629629,21.53333333333333,17.644444444444446,6.6111111111111125,30.91875,15.014285714285718,19.48888888888889,0.0,0.0,0.0,0.0,0.0,0.0,2.5,2.2222222222222223,1.1111111111111112,2.3125,1.7857142857142858,1.9814814814814812,11.0,0.5053695385186536,0.11484608244255767,0.8279354838709678,462.8,27.370000000000005,285.04,466.32000000000005,305.62,366.86,278.52000000000004,108.68,0.7443266802837062,0.05737945492662475,0.5461582678674075,0.8571271022883927,0.6232563830655029,0.766687565308255,0.6330000000000001,0.4228135698723933
2017-03-25,32.0,-0.2681818181818182,3.4657359027997265,0.9345974566473988,27.8,28.16666666666667,27.866666666666664,28.2,28.05,28.05,28.05555555555555,28.766666666666666,28.93333333333333,28.46666666666667,29.000000000000004,28.9,28.9,28.85,26.7,26.96666666666667,26.73333333333333,27.17142857142857,27.0,27.0,26.966666666666665,14.9,5.7333333333333325,3.555555555555556,3.0125,6.9,5.885185185185184,66.23333333333333,19.53333333333333,14.611111111111109,13.562500000000002,23.557142857142853,23.175925925925924,0.0,0.0,0.0,0.0,0.0,0.0,3.0,2.4444444444444446,2.1111111111111107,1.5625,3.071428571428572,2.351851851851852,12.0,0.4609250940742058,0.2815127491092255,0.8263548387096775,487.72,22.05,265.44000000000005,477.63,288.6,284.68999999999994,212.52,105.16,0.7844058092220597,0.046226415094339626,0.5086031806859552,0.8779156327543425,0.5885471898197242,0.5949634273772204,0.483,0.4091192032368503
2017-04-01,50.0,-0.2272727272727273,3.912023005428147,0.934707630057803,27.0,27.53333333333333,27.16666666666667,27.57142857142857,27.55,27.55,27.399999999999995,28.73333333333333,29.266666666666666,28.899999999999995,28.95714285714286,29.1,29.1,28.97777777777777,25.3,26.16666666666667,25.7,26.085714285714282,25.95,25.95,25.88888888888889,2.516666666666667,6.5200000000000005,9.533333333333333,5.0875,5.892857142857142,5.999999999999999,8.35,21.56,32.14444444444444,22.5875,20.957142857142856,21.99636363636364,0.0,0.16,0.04444444444444445,0.0,0.014285714285714287,0.04,4.333333333333333,4.3,4.777777777777779,3.25,3.928571428571429,3.981818181818182,13.0,0.19585362306112586,-1.0034675122598813,0.8253333333333334,531.76,36.96000000000001,298.69999999999993,442.69999999999993,189.0,265.65000000000003,229.81,88.5,0.8552358589188929,0.07748427672955976,0.5723318643418277,0.8137119750022975,0.3854311118362019,0.5551724137931036,0.5222954545454546,0.3443043884220355
2017-04-08,37.0,-0.25681818181818183,3.610917912644224,0.9348178034682084,27.66666666666667,28.4,27.8,28.214285714285715,28.3,28.3,28.105263157894736,28.4,29.16666666666667,28.9,29.185714285714283,29.366666666666664,29.366666666666664,29.042105263157893,26.66666666666667,27.2,26.66666666666667,27.357142857142854,27.33333333333333,27.33333333333333,27.110526315789475,3.75,3.43,4.622222222222222,6.78125,5.64,5.2053571428571415,10.783333333333333,11.72,20.166666666666668,20.637500000000006,19.85333333333333,17.70357142857143,0.0,0.0,0.0,0.0,0.0,0.0,3.1666666666666665,3.0,3.111111111111111,2.875,3.1333333333333333,3.0357142857142856,14.0,0.2601811084412411,0.21816991464070407,0.8276666666666667,505.08,26.180000000000003,316.67999999999995,456.0,230.58,214.83,217.75000000000003,45.25,0.8123261012914744,0.0548846960167715,0.6067829086031805,0.8381582575130962,0.4702259564401664,0.44896551724137934,0.4948863636363637,0.17604263927793334
2017-04-15,32.0,-0.2681818181818182,3.4657359027997265,0.934927976878613,27.66666666666667,28.1,27.8,27.84,27.9,27.9,27.858823529411765,28.5,29.066666666666666,28.566666666666666,29.120000000000005,28.73333333333333,28.73333333333333,28.835294117647067,26.899999999999995,27.23333333333333,27.03333333333333,26.98,27.366666666666664,27.366666666666664,27.088235294117645,6.116666666666667,8.6,5.011111111111111,13.94,10.126666666666667,9.652830188679244,31.68333333333333,25.200000000000006,17.166666666666668,41.113333333333344,32.06666666666667,31.016981132075482,0.0,0.0,0.0,0.3466666666666666,0.18666666666666665,0.1509433962264151,3.8333333333333335,4.25,3.7777777777777777,4.4,4.266666666666667,4.169811320754717,15.0,0.053369962930410964,0.1958788929688815,0.83,532.6800000000002,27.58,315.52,475.0,280.98,215.6,259.29,72.75,0.8567155057336315,0.057819706498951774,0.6045602605863191,0.8730815182428086,0.5730075862631536,0.4505747126436782,0.5892954545454546,0.2830298786181139
2017-04-22,51.0,-0.225,3.9318256327243257,0.9350381502890174,27.366666666666664,28.23333333333333,28.0,27.92857142857143,28.45,28.45,27.95555555555555,28.066666666666666,29.2,28.933333333333334,28.428571428571423,29.2,29.2,28.66666666666667,26.73333333333333,27.43333333333333,27.23333333333333,26.942857142857147,27.25,27.25,27.072222222222226,11.15,13.9,9.233333333333333,17.11875,13.207142857142856,13.584905660377364,38.63333333333333,50.65000000000001,33.87777777777778,52.0375,49.35714285714285,46.51886792452832,0.26666666666666666,0.075,0.0,0.55,0.014285714285714287,0.21132075471698114,5.333333333333333,3.75,2.6666666666666665,3.25,3.1428571428571432,3.4339622641509435,16.0,-0.1152574880499806,0.17986582107345228,0.8323333333333334,528.08,29.12,273.76,370.5,228.06000000000003,249.48,229.81000000000003,81.0,0.8493172716599386,0.061048218029350114,0.5245449319793063,0.6810035842293907,0.4650868749490171,0.5213793103448277,0.5222954545454546,0.3151260504201681
2017-04-29,37.0,-0.25681818181818183,3.610917912644224,0.9351484393063588,27.2,27.933333333333334,27.4,27.883333333333336,27.33333333333333,27.33333333333333,27.605555555555558,27.86666666666667,28.66666666666667,28.133333333333336,28.716666666666665,27.766666666666666,27.766666666666666,28.31111111111111,26.53333333333333,27.100000000000005,26.7,27.316666666666666,27.1,27.1,27.011111111111113,6.985714285714287,9.8,12.933333333333332,5.913333333333332,8.7,8.569811320754715,25.685714285714287,33.95,44.64444444444445,22.27333333333333,28.92857142857143,30.043396226415094,0.7999999999999999,0.15,0.0,0.04,0.4142857142857143,0.2490566037735849,4.0,4.75,5.111111111111111,3.733333333333333,4.642857142857143,4.39622641509434,17.0,-0.47081304360554205,0.11875470996233872,0.8346666666666667,516.51,30.09,331.67999999999995,477.2000000000001,336.55999999999995,226.45,260.71,160.0,0.8307091046528459,0.0630817610062893,0.6355240467522512,0.8771252642220386,0.6863528835957254,0.4732497387669801,0.5925227272727273,0.6224712107065048
2017-05-06,42.0,-0.24545454545454545,3.737669618283368,0.9352586127167632,28.23333333333333,29.03333333333333,28.366666666666664,28.57142857142857,28.6,28.6,28.563157894736843,28.633333333333336,29.43333333333333,28.7,28.885714285714283,28.96666666666667,28.96666666666667,28.91578947368421,27.83333333333333,28.366666666666664,27.93333333333333,28.014285714285716,28.16666666666667,28.16666666666667,28.052631578947373,5.685714285714285,4.5125,2.4777777777777783,5.487499999999999,4.466666666666667,4.6,17.47142857142857,19.175,9.944444444444445,24.38125,17.8,18.58727272727273,1.2285714285714284,0.0,0.0,0.0,0.2533333333333333,0.22545454545454546,2.571428571428572,3.125,2.1111111111111107,2.0625,2.7333333333333334,2.4727272727272727,18.0,-0.4458504544961031,0.707193510596408,0.8336451612903225,538.47,27.68,332.99,451.98,296.1,294.84,342.07,178.74,0.8660276307959536,0.05802935010482181,0.6380341061506035,0.8307692307692309,0.6038420752100497,0.6161755485893416,0.7774318181818182,0.6953781512605042
2017-05-13,48.0,-0.2318181818181818,3.8712010109078916,0.9353687861271676,28.066666666666666,28.83333333333333,28.23333333333333,28.328571428571426,28.200000000000006,28.200000000000006,28.33888888888889,29.0,30.03333333333333,29.433333333333334,29.057142857142857,29.35,29.35,29.305555555555557,27.23333333333333,27.73333333333333,27.1,27.557142857142853,27.5,27.5,27.45,3.483333333333334,3.355555555555556,3.8777777777777778,7.106249999999998,7.007142857142855,5.514814814814816,14.9,15.288888888888886,17.377777777777773,28.075000000000006,39.94285714285714,25.77407407407408,0.0,0.06666666666666668,0.0,0.025,0.0,0.018518518518518517,1.6666666666666667,2.333333333333333,2.0,3.9375,2.9285714285714284,2.833333333333333,19.0,-0.056084372624756185,0.10456193164903738,0.8320645161290322,519.87,43.36,349.07,448.26,305.2,286.44,276.5,69.66000000000001,0.836113032150152,0.09090146750524107,0.6688446062464072,0.823931623931624,0.6223998694836447,0.5986206896551725,0.6284090909090909,0.2710084033613446
2017-05-20,50.0,-0.2272727272727273,3.912023005428147,0.935478959537572,28.866666666666664,29.66666666666667,29.03333333333333,29.3,29.3,29.3,29.244444444444447,29.566666666666666,30.633333333333336,29.633333333333336,29.950000000000006,29.9,29.9,29.93888888888889,27.96666666666667,28.566666666666666,28.2,28.48333333333333,28.5,28.5,28.366666666666664,1.75,2.4222222222222216,4.425000000000002,1.725,2.4866666666666664,2.455555555555556,7.05,13.388888888888886,18.6875,9.1,13.186666666666667,12.14259259259259,0.0,0.0,0.0,0.0,0.0,0.0,2.333333333333333,1.7777777777777777,2.125,1.8125,1.6,1.851851851851852,20.0,0.5772489607085696,1.0212285983157017,0.8304838709677419,519.87,34.88,326.9600000000001,407.34,296.1,307.44,276.5,257.04,0.836113032150152,0.07312368972746333,0.6264801686146771,0.7487179487179488,0.6038420752100497,0.6425078369905957,0.6284090909090909,1.0
2017-05-27,50.0,-0.2272727272727273,3.912023005428147,0.9355891329479764,27.5,28.4,27.96666666666667,28.185714285714287,28.1,28.1,28.063157894736843,29.066666666666666,30.26666666666667,28.93333333333333,29.6,29.53333333333333,29.53333333333333,29.50526315789473,26.399999999999995,26.83333333333333,26.96666666666667,26.58571428571429,26.43333333333333,26.43333333333333,26.63157894736842,15.283333333333333,14.755555555555556,12.3,17.02857142857143,13.366666666666667,14.650000000000002,35.23333333333333,42.977777777777774,32.1375,56.971428571428575,42.52,44.051923076923075,0.10000000000000002,0.0,0.025,0.07142857142857142,0.0,0.03461538461538462,3.1666666666666665,2.555555555555556,2.5,3.2857142857142856,2.7333333333333334,2.8653846153846154,21.0,0.143623229714418,-0.7138591209825407,0.8289032258064516,522.24,31.44,368.82,408.69000000000005,310.85,265.20000000000005,316.89,65.7,0.839924731009859,0.06591194968553457,0.7066871048093503,0.7511993382961126,0.6339220164776898,0.5542319749216302,0.7202045454545454,0.2556022408963585
2017-06-03,66.0,-0.19090909090909086,4.189654742026425,0.935699306358382,28.36666666666667,29.03333333333333,28.866666666666664,28.75714285714286,28.16666666666667,28.16666666666667,28.663157894736845,29.8,30.43333333333333,29.600000000000005,29.757142857142853,28.899999999999995,28.899999999999995,29.71052631578948,26.4,26.96666666666667,27.66666666666667,27.1,26.866666666666664,26.866666666666664,27.02105263157895,6.8500000000000005,12.011111111111115,12.211111111111114,7.237499999999999,10.533333333333333,9.689090909090913,28.63333333333333,46.33333333333334,53.64444444444444,29.675000000000008,43.89333333333334,40.08727272727275,0.0,0.0,0.0,0.0,0.0,0.0,3.0,3.333333333333333,2.4444444444444446,2.9375,3.1333333333333333,2.981818181818182,22.0,0.5089966655143492,-0.03330087671285753,0.8253999999999999,510.42,38.64,323.8400000000001,344.39999999999986,288.0,273.75,207.0,95.4,0.8209144860639787,0.0810062893081761,0.6205020118796704,0.633030052384891,0.5873235989884982,0.5721003134796239,0.4704545454545455,0.3711484593837535
2017-06-10,62.0,-0.2,4.127134385045092,0.9358094797687864,29.4,30.133333333333336,29.6,29.800000000000004,29.73333333333333,29.73333333333333,29.747368421052638,30.3,30.7,29.8,30.314285714285717,30.13333333333333,30.13333333333333,30.263157894736832,28.366666666666664,29.23333333333333,29.23333333333333,28.914285714285718,29.0,29.0,28.94210526315789,1.957142857142857,1.0333333333333334,0.13333333333333333,5.425,1.1133333333333335,2.280357142857143,9.55714285714286,5.855555555555554,0.9666666666666666,31.0875,7.44,13.166071428571426,0.0,0.0,0.0,0.0,0.0,0.0,1.7142857142857142,1.0,0.3333333333333333,1.0,0.8,0.9285714285714286,23.0,1.061628244461705,1.8877517548660911,0.8193333333333334,498.2,34.480000000000004,323.84,417.38,312.75,258.0,259.5,94.5,0.8012609164160381,0.07228511530398324,0.6205020118796702,0.7671721349140704,0.6377967207765723,0.5391849529780565,0.5897727272727272,0.3676470588235294
2017-06-17,80.0,-0.1590909090909091,4.382026634673881,0.9359197687861268,28.33333333333333,29.23333333333333,28.633333333333336,28.885714285714283,28.766666666666666,28.766666666666666,28.794736842105266,29.133333333333336,30.03333333333333,29.16666666666667,29.6,29.0,29.0,29.431578947368426,27.1,28.3,27.9,27.9,28.36666666666667,28.36666666666667,27.910526315789472,2.771428571428572,3.888888888888889,0.7777777777777778,7.06875,4.746666666666667,4.3875,15.028571428571427,17.544444444444444,5.155555555555555,38.93749999999999,26.426666666666666,23.73035714285714,0.0,0.022222222222222227,0.0,0.0,0.0,0.0035714285714285718,1.4285714285714286,1.2222222222222223,0.8888888888888888,1.25,1.0,1.1428571428571428,24.0,0.2300492970932915,0.8561728074976678,0.8132666666666667,532.98,32.160000000000004,282.88,391.13999999999993,266.25,248.25,123.0,19.5,0.8571979992601767,0.06742138364779875,0.5420195439739413,0.7189412737799834,0.5429684313565544,0.5188087774294671,0.2795454545454545,0.07586367880485527
2017-06-24,73.0,-0.175,4.290459441148391,0.9360299421965322,27.8,28.5,28.0,28.37142857142857,28.066666666666666,28.066666666666666,28.19473684210526,28.76666666666667,29.66666666666667,28.600000000000005,29.17142857142857,29.0,29.0,29.068421052631574,26.23333333333333,27.1,27.26666666666667,27.300000000000004,27.03333333333333,27.03333333333333,27.052631578947373,7.999999999999999,6.433333333333334,5.844444444444443,5.2125,6.166666666666666,6.114285714285715,49.24285714285714,31.97777777777777,20.17777777777778,32.73125,27.21333333333333,31.178571428571423,0.0,0.0,0.0,0.0,0.0,0.0,1.5714285714285714,2.1111111111111107,1.3333333333333333,1.8125,1.8666666666666667,1.7678571428571428,25.0,-0.13310859764355246,-0.0017219293444341588,0.8072,532.9799999999998,31.12,314.24,332.92,285.75,258.0,236.25,56.7,0.8571979992601765,0.06524109014675053,0.6021076834642651,0.6119290506387282,0.5827351333714006,0.5391849529780565,0.5369318181818182,0.2205882352941176
2017-07-01,75.0,-0.17045454545454544,4.31748811353631,0.9361401156069368,27.266666666666666,27.96666666666667,27.566666666666666,27.814285714285717,27.5,27.5,27.663157894736838,28.633333333333336,29.5,28.5,28.9,27.93333333333333,27.93333333333333,28.73684210526316,26.16666666666667,26.33333333333333,26.433333333333334,26.857142857142854,27.133333333333336,27.133333333333336,26.642105263157898,5.528571428571429,6.171428571428572,4.9,5.5625,6.666666666666668,5.850943396226418,16.914285714285715,21.514285714285712,24.1,23.56875,23.50666666666667,22.481132075471695,0.0,0.0,0.0,0.0,0.9066666666666666,0.2566037735849057,4.0,4.714285714285714,3.125,3.4375,3.1333333333333333,3.547169811320755,26.0,-0.1300814448816574,-0.20610518963750835,0.8018064516129033,465.93,31.92,272.1600000000001,316.84,231.84000000000003,278.05,252.0,50.6,0.7493606960773277,0.0669182389937107,0.5214792105767388,0.5823729436632662,0.4727954971857412,0.5810867293625914,0.5727272727272728,0.19685652038593213
2017-07-08,63.0,-0.19772727272727272,4.143134726391533,0.9362502890173412,27.766666666666666,28.433333333333334,28.066666666666666,28.085714285714282,28.25,28.25,28.105555555555558,28.43333333333333,29.2,28.46666666666667,29.014285714285712,28.8,28.8,28.83333333333333,26.8,27.46666666666667,27.5,26.942857142857147,27.75,27.75,27.18888888888889,4.542857142857144,5.35,4.7333333333333325,7.393750000000002,4.228571428571429,5.457407407407406,21.028571428571436,21.85,25.555555555555557,37.84375,17.95714285714286,26.09074074074075,0.0,0.0,0.0,0.0,0.0,0.0,1.5714285714285714,1.375,1.6666666666666667,1.6875,1.5714285714285714,1.5925925925925926,27.0,-0.033590216811482776,0.3406784360934836,0.8004516129032259,470.58,38.08000000000001,283.92,385.37,254.16,385.95,254.16000000000003,151.8,0.7568393457387781,0.07983228511530399,0.5440122628856102,0.7083356309162758,0.5183130761073497,0.8065830721003134,0.5776363636363637,0.5905695611577965
2017-07-15,53.0,-0.22045454545454546,3.970291913552122,0.9363604624277454,27.0,27.7,27.066666666666666,27.5,27.5,27.5,27.377777777777773,28.33333333333333,29.73333333333333,28.3,28.728571428571424,29.05,29.05,28.79444444444444,25.7,26.1,26.2,26.32857142857143,26.1,26.1,26.13888888888888,10.12857142857143,16.144444444444446,9.922222222222222,10.675,17.87142857142857,13.209090909090905,48.2,43.022222222222226,27.700000000000006,35.75624999999999,69.97142857142858,45.92,0.2,6.466666666666668,0.08888888888888889,0.01875,0.028571428571428574,1.1109090909090908,6.0,3.333333333333333,4.333333333333333,4.125,5.0,4.49090909090909,28.0,-0.07247910570037419,-0.7093215639065278,0.7990967741935484,483.6,31.840000000000003,305.2000000000001,363.12,239.04,173.47,363.6,60.72000000000001,0.7777795647908391,0.06675052410901468,0.5847863575397586,0.6674386545354288,0.4874785871604535,0.3625287356321839,0.8263636363636364,0.23622782446311855
2017-07-22,51.0,-0.225,3.9318256327243257,0.9364706358381498,28.7,29.3,28.566666666666666,28.785714285714285,29.05,29.05,28.85,29.66666666666667,30.03333333333333,29.16666666666667,29.485714285714284,29.65,29.65,29.572222222222226,28.03333333333333,28.866666666666664,28.266666666666666,28.357142857142858,28.6,28.6,28.4,0.014285714285714287,0.011111111111111113,0.03333333333333334,0.025,0.0642857142857143,0.03272727272727274,0.08571428571428573,0.1111111111111111,0.17777777777777778,0.17500000000000002,0.4214285714285714,0.21636363636363634,0.0,0.0,0.0,0.0,0.0,0.0,0.2857142857142857,0.2222222222222222,0.5555555555555556,0.5625,0.7857142857142857,0.5272727272727272,29.0,0.7052986720774115,1.5517895472045886,0.7977419354838708,454.77,31.28,276.64000000000004,366.68,253.44,251.49,239.76,101.66,0.7314119368898467,0.06557651991614256,0.5300632305039279,0.6739821707563642,0.5168447671098785,0.5255799373040753,0.5449090909090909,0.3955026455026455
2017-07-29,67.0,-0.18863636363636366,4.204692619390967,0.9365809248554914,29.1,29.7,28.96666666666667,29.3,29.45,29.45,29.305882352941182,29.6,30.100000000000005,29.26666666666667,29.58571428571429,29.700000000000006,29.700000000000006,29.635294117647067,28.3,29.0,28.33333333333333,28.757142857142853,28.8,28.8,28.676470588235297,0.6285714285714287,1.0888888888888888,0.6111111111111109,0.21875,1.0214285714285714,0.6818181818181817,4.5,6.5555555555555545,4.199999999999998,1.4875000000000005,7.142857142857144,4.583636363636363,0.0,0.0,0.0,0.0,0.0,0.0,0.7142857142857143,1.0,1.0,0.625,1.0,0.8545454545454545,30.0,0.7683705675022487,1.828260135439887,0.7963870967741936,529.5500000000002,29.660000000000004,217.19000000000003,389.3,227.85,285.94,291.0800000000001,85.44,0.8516814899400101,0.06218029350104823,0.4161525196397777,0.7155592316882641,0.4646586181580879,0.5975757575757575,0.6615454545454547,0.3323996265172736
2017-08-05,60.0,-0.20454545454545456,4.0943445622220995,0.9366910982658956,29.399999999999995,29.866666666666664,29.066666666666666,29.485714285714288,29.2,29.2,29.42105263157894,29.66666666666667,29.96666666666667,29.33333333333333,29.67142857142857,29.366666666666664,29.366666666666664,29.61578947368421,29.16666666666667,29.7,28.8,29.314285714285717,29.133333333333336,29.133333333333336,29.242105263157907,0.9,0.6555555555555556,0.2333333333333333,0.15625000000000006,0.6866666666666664,0.4763636363636365,4.85,4.488888888888889,1.6222222222222218,0.975,4.6000000000000005,3.067272727272728,0.0,0.0,0.0,0.0,0.0,0.0,0.8333333333333334,0.5555555555555556,0.7777777777777778,0.625,0.9333333333333332,0.7454545454545455,31.0,0.8651311161426278,2.426446751348074,0.7964838709677419,541.88,20.72,252.45000000000005,414.9,252.75,276.0,169.45999999999995,114.4,0.8715119738810171,0.04343815513626835,0.4837133550488599,0.7626137303556658,0.5154376376539686,0.5768025078369906,0.3851363636363636,0.4450669156551509
2017-08-12,56.0,-0.2136363636363636,4.02535169073515,0.9368012716763,27.53333333333333,28.133333333333336,27.766666666666666,27.914285714285718,27.8,27.8,27.84736842105263,28.8,29.1,28.93333333333333,29.04285714285714,28.633333333333336,28.633333333333336,28.931578947368422,26.23333333333333,26.766666666666666,26.866666666666664,26.557142857142853,26.76666666666667,26.76666666666667,26.62105263157895,15.971428571428572,8.7,2.0444444444444443,9.166666666666666,7.606666666666667,8.365454545454543,62.12857142857143,32.90000000000001,6.122222222222224,37.88,30.88,33.04545454545455,0.8,0.0,0.0,0.0,0.013333333333333334,0.10545454545454548,4.142857142857143,3.7777777777777777,3.0,2.2666666666666666,3.933333333333333,3.3272727272727267,32.0,0.18092058982684026,-0.1946058802308812,0.7971612903225807,543.72,25.200000000000006,244.75,489.6,294.0,270.75,183.52000000000004,140.4,0.8744712675104943,0.052830188679245285,0.4689595707990036,0.8999172870140613,0.5995595073007586,0.5658307210031348,0.4170909090909092,0.5462184873949579
2017-08-19,53.0,-0.22045454545454546,3.970291913552122,0.9369114450867057,27.2,27.9,27.53333333333333,27.642857142857146,27.76666666666667,27.76666666666667,27.61578947368421,28.066666666666666,28.66666666666667,28.1,28.6,28.4,28.4,28.41578947368421,25.899999999999995,27.2,26.9,26.585714285714282,27.133333333333336,27.133333333333336,26.71052631578947,10.185714285714283,8.155555555555555,10.244444444444444,11.566666666666665,6.6466666666666665,9.274545454545457,52.757142857142846,34.81111111111111,43.56666666666666,47.22666666666667,32.25333333333334,41.21636363636365,0.0,0.022222222222222227,0.0,0.0,0.0,0.003636363636363637,2.7142857142857144,3.111111111111111,3.0,1.9333333333333331,2.6666666666666665,2.6,33.0,-0.33486888385736435,-0.10513219602036017,0.7978387096774193,548.32,23.8,303.05,414.00000000000006,267.0,252.0,225.7,88.92,0.8818695015841872,0.04989517819706499,0.5806667944050583,0.7609594706368902,0.5444979198955869,0.5266457680250783,0.5129545454545454,0.34593837535014005
2017-08-26,52.0,-0.22272727272727272,3.951243718581428,0.93702161849711,28.366666666666664,28.96666666666667,28.3,28.74285714285714,28.5,28.5,28.610526315789475,28.766666666666666,29.566666666666666,28.8,29.04285714285714,28.93333333333333,28.93333333333333,29.02631578947368,27.866666666666664,27.866666666666664,27.23333333333333,27.785714285714285,27.366666666666664,27.366666666666664,27.657894736842106,2.5142857142857147,0.2666666666666667,0.6111111111111112,1.3375,1.3533333333333335,1.2,14.042857142857144,1.5111111111111113,3.6666666666666665,6.7687500000000025,8.580000000000002,6.819642857142854,0.0,0.0,0.0,0.0,0.0,0.0,1.2857142857142858,1.1111111111111112,1.2222222222222223,1.4375,1.9333333333333331,1.4642857142857142,34.0,0.2756574319320997,0.8422362250322769,0.7985161290322581,482.52,19.81,264.6,441.9,253.68,264.3,218.08000000000004,181.6,0.7760425880952765,0.041530398322851166,0.5069936769496072,0.8122415219189413,0.5173342034423689,0.5523510971786834,0.4956363636363637,0.7065048241518829
2017-09-02,33.0,-0.2659090909090909,3.49650756146648,0.9371317919075144,28.0,28.633333333333336,28.0,28.41666666666667,28.2,28.2,28.294117647058826,29.2,29.6,28.96666666666667,29.33333333333333,29.23333333333333,29.23333333333333,29.282352941176477,26.65,27.2,26.73333333333333,27.08333333333333,26.8,26.8,26.94117647058824,1.1857142857142855,0.5333333333333333,1.4555555555555555,0.8,2.9133333333333336,1.4767857142857144,5.557142857142856,2.2888888888888888,7.6,4.625,15.773333333333335,7.830357142857144,0.0,0.0,0.0,0.0,0.0,0.0,2.7142857142857144,2.555555555555556,3.0,1.75,3.1333333333333333,2.571428571428572,35.0,0.5124725042265403,0.4483909684059313,0.7997333333333334,519.8199999999998,25.76,284.44,360.0,288.9600000000001,295.64,291.0,67.60000000000001,0.8360326165623944,0.0540041928721174,0.5450086223414446,0.6617038875103392,0.5892813443184599,0.6178474399164054,0.6613636363636364,0.2629940865234983
2017-09-09,40.0,-0.25,3.688879454113936,0.9372419653179188,28.05,28.633333333333336,27.93333333333333,28.3,28.23333333333333,28.23333333333333,28.25294117647059,29.2,29.5,28.93333333333333,29.28333333333333,28.96666666666667,28.96666666666667,29.19411764705882,26.55,27.200000000000006,26.66666666666667,27.23333333333333,27.133333333333336,27.133333333333336,27.029411764705877,10.400000000000002,6.133333333333334,5.866666666666666,9.48125,2.6333333333333333,6.642857142857145,43.55714285714287,27.8,24.66666666666667,43.43749999999999,9.813333333333333,28.916071428571428,0.0,0.0,0.0,0.0,0.0,0.0,3.2857142857142856,4.5555555555555545,2.4444444444444446,3.3125,3.4,3.3928571428571432,36.0,0.42423721010888826,0.5366262625235763,0.8023,537.68,28.14,259.48,367.2,302.72,184.68,279.0,115.2,0.8647570645093845,0.0589937106918239,0.49718336846139094,0.6749379652605461,0.617342360714577,0.38595611285266457,0.6340909090909089,0.4481792717086833
2017-09-16,53.0,-0.22045454545454546,3.970291913552122,0.9373522543352604,27.6,28.43333333333333,28.0,28.066666666666666,28.26666666666667,28.26666666666667,28.1,29.200000000000006,29.63333333333333,29.0,29.366666666666664,29.46666666666667,29.46666666666667,29.34705882352941,26.3,27.16666666666667,26.83333333333333,26.766666666666666,27.066666666666666,27.066666666666666,26.84705882352941,3.714285714285714,3.488888888888889,5.4444444444444455,10.093750000000002,7.846666666666667,6.885714285714287,13.1,10.144444444444446,25.58888888888889,29.39375,24.76,22.41071428571429,0.0,0.2,0.0,0.0,0.0,0.03214285714285715,2.571428571428572,2.4444444444444446,2.2222222222222223,2.875,2.466666666666667,2.5535714285714284,37.0,0.5771783865794795,0.3542733213471081,0.8048666666666666,543.3199999999998,29.12,290.68,449.10000000000014,329.38000000000005,234.84000000000003,170.4,114.8,0.8738279428084339,0.061048218029350114,0.556964935811458,0.8254755996691483,0.6717105799820541,0.4907836990595612,0.3872727272727273,0.4466230936819172
2017-09-23,59.0,-0.20681818181818185,4.07753744390572,0.9374624277456648,27.3,28.03333333333333,27.5,27.766666666666666,27.76666666666667,27.76666666666667,27.71176470588236,28.65,29.43333333333333,28.633333333333336,28.95,28.96666666666667,28.96666666666667,28.94705882352941,26.0,26.700000000000006,26.433333333333334,26.766666666666666,26.73333333333333,26.73333333333333,26.6,9.971428571428572,4.788888888888889,7.533333333333332,8.512500000000001,9.166666666666666,8.114285714285717,27.942857142857147,11.622222222222225,23.077777777777772,28.91875,28.826666666666664,25.053571428571445,1.5142857142857142,0.4,0.0,0.3125,0.06666666666666668,0.3607142857142857,6.2857142857142865,5.111111111111111,4.888888888888889,5.5,5.133333333333334,5.339285714285714,38.0,0.17717838657948093,0.1072144978176972,0.8074333333333334,567.76,29.61000000000001,258.96000000000004,361.8,390.44000000000005,253.08,257.40000000000003,50.40000000000001,0.9131350821043152,0.06207547169811323,0.4961870090055566,0.6650124069478908,0.7962313402398239,0.5289028213166145,0.5850000000000001,0.19607843137254904
2017-09-30,39.0,-0.2522727272727273,3.6635616461296463,0.9375726011560692,27.55,28.33333333333333,27.8,28.08333333333333,28.16666666666667,28.16666666666667,28.029411764705877,28.45,29.1,28.73333333333333,28.966666666666665,29.16666666666667,29.16666666666667,28.923529411764704,26.700000000000006,27.66666666666667,27.2,27.516666666666666,27.73333333333333,27.73333333333333,27.42941176470588,4.6000000000000005,7.566666666666666,3.011111111111111,7.918750000000001,7.226666666666667,6.473214285714286,16.400000000000002,29.200000000000006,10.0,28.07500000000001,24.61333333333333,22.96428571428571,0.05714285714285715,0.0,0.0,0.06875,0.0,0.026785714285714284,3.0,2.7777777777777777,3.333333333333333,3.9375,2.1333333333333333,3.0535714285714284,39.0,0.15364897481477158,0.9366262625235712,0.81,542.4399999999998,26.71,270.3,447.6,322.52,304.99,248.16,92.7,0.8724126284639013,0.0559958071278826,0.517915309446254,0.8227185001378551,0.6577208581450362,0.6373876698014629,0.564,0.3606442577030812
2017-10-07,52.0,-0.22272727272727272,3.951243718581428,0.9376827745664736,26.8,27.6,27.4,27.46,27.95,27.95,27.45333333333333,27.45,28.4,28.46666666666667,28.22000000000001,29.35,29.35,28.35333333333333,25.55,26.2,25.96666666666667,26.059999999999995,26.4,26.4,26.04666666666667,8.457142857142857,9.4,5.1000000000000005,11.313333333333334,8.721428571428572,8.916666666666664,23.728571428571424,33.755555555555546,22.144444444444442,33.5,31.97142857142857,29.987037037037037,0.0,0.022222222222222227,0.0,0.013333333333333334,0.014285714285714287,0.011111111111111113,3.7142857142857135,3.333333333333333,2.555555555555556,4.333333333333333,2.5,3.314814814814815,40.0,-0.4293559449389761,-0.7277230912530149,0.8133870967741936,542.8000000000002,26.08,283.5,470.12,353.42,309.4000000000001,250.24,81.26,0.8729916206957558,0.05467505241090147,0.5432075110174363,0.8641117544343352,0.7207357859531772,0.6466039707419019,0.5687272727272727,0.3161375661375661
2017-10-14,55.0,-0.2159090909090909,4.007333185232471,0.9377929479768792,27.700000000000006,28.23333333333333,27.7,27.94,28.15,28.15,27.94666666666667,29.1,29.866666666666664,28.96666666666667,29.2,29.4,29.4,29.3,26.8,27.066666666666666,26.8,26.96,27.35,27.35,26.979999999999997,10.44285714285714,14.2,12.2,10.233333333333333,12.599999999999998,11.86296296296296,44.8,37.62222222222223,36.93333333333333,38.17999999999999,33.67142857142858,37.56851851851852,0.0,0.0,0.0,0.0,0.0,0.0,5.7142857142857135,5.888888888888888,5.666666666666668,5.6,5.857142857142858,5.7407407407407405,41.0,0.5173107217276858,0.20561024208031145,0.8167741935483871,552.0,27.200000000000006,272.70000000000005,422.28,357.52,373.15,322.32000000000005,89.42000000000002,0.8877880888431414,0.057023060796645715,0.5225138915501054,0.7761786600496279,0.7290969899665551,0.7798328108672936,0.7325454545454546,0.3478835978835979
2017-10-21,63.0,-0.19772727272727272,4.143134726391533,0.9379031213872836,29.6,30.399999999999995,29.2,29.9,29.85,29.85,29.81333333333333,30.200000000000006,31.03333333333333,29.6,30.48,30.3,30.3,30.35333333333333,28.75,29.6,28.5,28.82,28.85,28.85,28.90666666666667,0.4,0.011111111111111113,0.022222222222222227,0.040000000000000015,0.6071428571428571,0.2259259259259259,2.8000000000000003,0.08888888888888889,0.13333333333333333,0.2466666666666667,4.285714285714287,1.5796296296296302,0.0,0.0,0.0,0.0,0.0,0.0,0.42857142857142855,0.1111111111111111,0.3333333333333333,0.3333333333333333,0.6428571428571429,0.3888888888888889,42.0,1.5706440550610241,2.1322769087469884,0.8201612903225807,569.48,35.2,254.88,425.96,338.66,322.1500000000001,278.79999999999995,61.88,0.9159013783231742,0.07379454926624739,0.4883694194290093,0.7829427442330669,0.6906354515050167,0.6732497387669802,0.6336363636363636,0.24074074074074076
2017-10-28,77.0,-0.16590909090909092,4.343805421853683,0.938013294797688,27.95,28.366666666666664,27.66666666666667,28.7,28.8,28.8,28.34000000000001,29.0,29.6,28.366666666666664,29.2,29.4,29.4,29.11333333333334,27.4,27.566666666666666,26.73333333333333,28.3,28.25,28.25,27.71333333333333,2.5428571428571423,5.288888888888889,4.0,0.6333333333333333,2.107142857142857,2.6000000000000005,15.642857142857144,24.03333333333333,16.96666666666667,3.733333333333334,8.571428571428571,12.120370370370368,0.0,0.0,0.0,0.0,0.0,0.0,2.2857142857142856,2.888888888888889,3.0,1.4,2.642857142857143,2.351851851851852,43.0,0.330644055061029,0.9389435754136491,0.8235483870967742,533.07,21.570000000000004,265.92,455.52,332.92,321.93,241.76,74.94,0.8573427473181403,0.04522012578616353,0.5095228971067254,0.8372759856630825,0.6789297658862876,0.6727899686520377,0.5494545454545454,0.2915499533146592
2017-11-04,62.0,-0.2,4.127134385045092,0.9381235838150294,26.9,27.6,27.133333333333336,27.600000000000005,27.433333333333334,27.433333333333334,27.405882352941173,27.65,28.46666666666667,28.03333333333333,28.2,28.0,28.0,28.117647058823533,26.1,26.5,26.066666666666666,26.8,26.899999999999995,26.899999999999995,26.552941176470586,9.5,10.255555555555556,3.2000000000000006,9.275000000000002,9.64,8.582142857142857,31.0,34.02222222222221,11.222222222222221,31.825000000000006,42.06666666666667,31.507142857142853,0.0,0.0,0.022222222222222227,0.0,0.0,0.0035714285714285718,3.2857142857142856,3.0,3.2222222222222223,2.8125,2.6,2.9107142857142856,44.0,-0.09420324672695912,0.3065667557012333,0.8300666666666666,468.65,15.330000000000002,295.12,432.0,343.2,272.58,201.78,78.96,0.7537353040513373,0.032138364779874216,0.565472312703583,0.794044665012407,0.6998939554612937,0.5696551724137929,0.458590909090909,0.3071895424836601
2017-11-11,44.0,-0.2409090909090909,3.7841896339182615,0.9382337572254338,26.45,27.0,27.16666666666667,27.23333333333333,27.066666666666666,27.066666666666666,27.05882352941176,27.85,28.43333333333333,28.0,28.133333333333336,28.16666666666667,28.16666666666667,28.135294117647057,25.55,26.133333333333336,26.633333333333336,26.46666666666667,26.366666666666664,26.366666666666664,26.311764705882354,24.800000000000004,21.266666666666666,20.155555555555555,13.35625,15.526666666666667,17.732142857142858,62.89999999999999,66.68888888888888,59.17777777777778,37.4875,48.50666666666667,51.79464285714287,1.342857142857143,0.3333333333333333,0.3111111111111111,0.5874999999999999,0.6799999999999999,0.6214285714285713,7.0,6.5555555555555545,6.888888888888888,6.4375,6.4,6.5892857142857135,45.0,-0.07655618790343155,0.06539028511300415,0.8389333333333333,507.78,13.44,288.4000000000001,466.56,294.06,316.47000000000014,247.8,82.25,0.8166685430303811,0.02817610062893082,0.5525962828127994,0.8575682382133996,0.5996818663838812,0.6613793103448278,0.5631818181818181,0.3199891067538126
2017-11-18,50.0,-0.2272727272727273,3.912023005428147,0.938343930635838,27.0,27.6,27.55,27.700000000000006,27.766666666666666,27.766666666666666,27.5875,27.3,28.4,28.35,28.466666666666665,28.83333333333333,28.83333333333333,28.3625,26.35,26.066666666666666,26.05,26.3,26.33333333333333,26.33333333333333,26.2375,19.285714285714285,15.988888888888885,19.055555555555557,9.14375,12.966666666666665,14.128571428571426,52.62857142857143,52.8,86.51111111111112,39.41249999999999,56.70666666666666,55.417857142857116,0.4857142857142857,0.0,0.0,0.0125,0.0,0.0642857142857143,4.142857142857143,2.888888888888889,3.0,3.1875,2.6666666666666665,3.0892857142857144,46.0,0.15064969444950904,-0.008874420769348745,0.8478,463.19000000000005,21.840000000000003,328.16,511.68,390.0,265.65000000000003,211.81,97.29,0.7449539218682151,0.04578616352201258,0.6287794596666028,0.9405017921146954,0.7953340402969247,0.5551724137931036,0.4813863636363637,0.37850140056022397
2017-11-25,24.0,-0.2863636363636364,3.1780538303479458,0.9384541040462424,28.2,27.53333333333333,27.4,27.399999999999995,27.266666666666666,27.266666666666666,27.45333333333333,28.2,28.7,28.2,28.6,28.5,28.5,28.52,28.2,26.23333333333333,26.200000000000006,26.48333333333333,26.33333333333333,26.33333333333333,26.48,5.566666666666666,5.933333333333334,6.477777777777778,11.0625,11.05,8.829629629629629,20.216666666666665,21.266666666666673,23.41111111111111,34.3875,37.47142857142858,29.596296296296302,0.0,0.0,0.0,0.0625,0.042857142857142864,0.02962962962962963,4.166666666666667,3.333333333333333,2.6666666666666665,5.5,5.357142857142857,4.481481481481481,47.0,0.30814969444951146,0.23362557923065094,0.8566666666666666,499.71000000000015,19.61,297.9000000000001,514.56,305.25,340.31,228.81,101.99,0.8036894671663157,0.04111111111111111,0.5707990036405441,0.945795423214778,0.6225018353862468,0.7112016718913271,0.5200227272727272,0.3967864923747276
2017-12-02,38.0,-0.2545454545454545,3.6375861597263857,0.9385642774566471,28.45,27.6,27.766666666666666,27.62,28.100000000000005,28.100000000000005,27.75,28.45,28.9,28.3,29.22,29.366666666666664,29.366666666666664,28.985714285714288,28.45,26.23333333333333,26.8,26.26,26.7,26.7,26.464285714285715,2.8,2.5222222222222217,1.9555555555555555,3.38125,1.9866666666666668,2.5592592592592593,14.32,10.711111111111112,9.755555555555556,14.68125,5.1466666666666665,10.516666666666666,0.0,0.0,0.0,0.0,0.0,0.0,4.0,4.0,3.555555555555556,4.0625,3.933333333333333,3.9259259259259265,48.0,1.1700982625256025,0.6671513096077035,0.8622903225806451,526.5,30.640000000000004,291.58,438.72,328.41,392.85,316.0,101.5,0.8467761390868006,0.06423480083857443,0.5586894041004022,0.8063964709126,0.6697324414715718,0.8210031347962383,0.7181818181818181,0.39488017429193895
2017-12-09,34.0,-0.2636363636363636,3.5263605246161616,0.9386744508670524,28.7,27.75,27.33333333333333,28.02,28.16666666666667,28.16666666666667,27.914285714285718,28.7,29.05,28.46666666666667,29.04,29.266666666666666,29.266666666666666,28.942857142857147,28.7,26.200000000000006,26.16666666666667,26.48,26.46666666666667,26.46666666666667,26.528571428571443,1.85,3.2888888888888883,4.444444444444444,0.99375,1.2333333333333334,2.0927272727272728,11.0,16.75555555555556,15.4,3.4437500000000005,4.466666666666667,8.681818181818182,0.06666666666666668,0.06666666666666668,0.0,0.025,0.0,0.02545454545454545,1.5,4.222222222222221,4.333333333333333,2.25,3.0,3.036363636363636,49.0,1.127241119668458,0.7314370238934238,0.8598064516129033,457.2,28.8,304.39,522.24,367.57000000000005,311.85000000000014,305.73,112.0,0.7353201344548628,0.06037735849056604,0.5832343360797086,0.9599117728149988,0.7495921363895914,0.6517241379310347,0.6948409090909091,0.43572984749455335
2017-12-16,40.0,-0.25,3.688879454113936,0.9387847398843928,26.5,26.950000000000006,26.76666666666667,27.34,27.33333333333333,27.33333333333333,27.1,26.9,27.6,27.43333333333333,28.06,27.9,27.9,27.74285714285714,26.0,26.25,26.066666666666666,26.46,26.33333333333333,26.33333333333333,26.28571428571429,25.2,23.055555555555557,22.644444444444442,11.733333333333333,11.073333333333332,16.751851851851853,55.53333333333334,47.00000000000001,53.788888888888884,35.5,28.800000000000008,40.829629629629615,3.733333333333334,0.7777777777777778,0.2111111111111111,0.0,0.4533333333333333,0.7055555555555557,5.833333333333332,5.5555555555555545,6.4444444444444455,3.4,5.7333333333333325,5.185185185185184,50.0,-0.07275888033154843,0.4885798810362765,0.8573225806451613,472.5,22.96,326.35,383.03999999999985,306.16,308.61,311.26,86.0,0.7599273043086672,0.04813417190775682,0.6253113623299482,0.7040529363110007,0.6243576148136064,0.6449529780564264,0.7074090909090909,0.3345782757547463
2017-12-23,51.0,-0.225,3.9318256327243257,0.9388949132947972,27.5,27.4,27.3,27.72,27.600000000000005,27.600000000000005,27.542857142857148,28.1,27.85,27.7,28.22,28.03333333333333,28.03333333333333,28.00714285714286,26.7,26.45,26.43333333333333,26.860000000000007,26.83333333333333,26.83333333333333,26.692857142857147,6.566666666666666,5.177777777777779,7.233333333333332,3.5428571428571423,3.873333333333333,4.8830188679245285,33.6,26.88888888888889,43.88888888888889,18.335714285714285,18.186666666666667,25.81320754716981,0.0,0.0,0.0,0.0,0.0,0.0,2.0,2.0,2.2222222222222223,1.8571428571428568,2.0,2.0,51.0,0.19152683395417114,0.8957227381791313,0.8548387096774194,461.7,28.320000000000004,351.36,498.24,399.61,243.81000000000003,381.57000000000005,96.5,0.7425575373530405,0.059371069182389935,0.6732324200038321,0.9157981803143094,0.8149318867770617,0.5095297805642633,0.8672045454545456,0.3754279489573607
2017-12-30,66.0,-0.19090909090909086,4.189654742026425,0.9390050867052028,27.1,27.05,26.83333333333333,27.34,27.23333333333333,27.23333333333333,27.15,28.0,27.85,27.73333333333333,27.860000000000007,27.9,27.9,27.849999999999994,26.4,26.5,26.3,26.62,26.8,26.8,26.557142857142853,7.283333333333334,8.9,8.944444444444445,6.023076923076924,6.673333333333333,7.359615384615383,21.33333333333333,29.422222222222228,28.000000000000004,17.93846153846154,21.18666666666667,22.99615384615385,0.1,0.04444444444444445,0.0,0.0,0.013333333333333334,0.023076923076923075,5.5,4.888888888888889,4.0,4.461538461538462,5.266666666666667,4.807692307692308,52.0,0.03438397681130567,0.7600084524648452,0.8523548387096774,561.79,27.23,322.25,387.44,350.01,398.61,306.69,157.20000000000005,0.903533460926066,0.0570859538784067,0.6174554512358689,0.7121404282694604,0.7137817113957092,0.8330407523510971,0.6970227272727273,0.611577964519141
2018-01-06,83.0,-0.15227272727272728,4.418840607796597,0.9395230057803472,26.2,25.950000000000006,25.93333333333333,26.12,26.266666666666666,26.266666666666666,26.1,27.15,27.25,26.83333333333333,27.28,26.766666666666666,26.766666666666666,27.066666666666666,25.4,24.85,24.96666666666667,25.02,25.93333333333333,25.93333333333333,25.22,21.25714285714286,22.81111111111111,16.366666666666664,17.553846153846152,23.18666666666667,20.328301886792463,68.04285714285716,81.2222222222222,65.33333333333333,67.2923076923077,68.6,69.7943396226415,0.0,0.0,0.0,0.0,0.0,0.0,4.571428571428571,4.777777777777779,5.222222222222221,3.1538461538461537,4.666666666666667,4.39622641509434,1.0,-0.5204174982184568,-0.5155470000395894,0.8547096774193548,570.36,29.97,321.3,432.18,322.2,328.43999999999994,236.06,147.6,0.9173166926677068,0.06283018867924528,0.6156351791530944,0.7943755169561622,0.6570682763683824,0.6863949843260186,0.5365,0.5742296918767507
2018-01-13,68.0,-0.1863636363636364,4.219507705176107,0.9401087861271672,24.75,25.05,25.0,25.6,25.33333333333333,25.33333333333333,25.214285714285715,26.95,27.1,27.133333333333336,27.425,27.33333333333333,27.33333333333333,27.228571428571428,22.65,22.85,23.0,24.0,22.8,22.8,23.17142857142857,23.37142857142857,22.788888888888888,22.355555555555558,18.784615384615385,20.04,21.03207547169811,69.6857142857143,61.422222222222224,69.1111111111111,34.8,48.32000000000001,53.58113207547171,1.7714285714285711,4.866666666666667,1.2888888888888888,6.1923076923076925,2.32,3.4547169811320764,5.428571428571429,4.888888888888889,5.222222222222221,5.538461538461538,5.066666666666666,5.226415094339623,2.0,-0.358512736313692,-2.564118428611017,0.8578709677419354,535.4399999999998,27.809999999999995,367.92,405.72,368.1,367.08,223.48,76.4,0.8611544461778471,0.05830188679245282,0.7049626365204061,0.7457402812241521,0.7506729749571742,0.7671473354231976,0.507909090909091,0.29723000311235603
2018-01-20,54.0,-0.21818181818181814,3.9889840465642745,0.9406945664739882,26.0,26.1,26.23333333333333,26.4,26.53333333333333,26.53333333333333,26.3,27.3,27.25,27.16666666666667,27.420000000000005,27.43333333333333,27.43333333333333,27.33333333333333,23.3,23.450000000000006,24.266666666666666,24.4,24.93333333333333,24.93333333333333,24.20666666666667,5.4714285714285715,6.088888888888889,5.233333333333333,4.94,8.926666666666668,6.330909090909089,24.17142857142857,25.73333333333333,20.188888888888886,21.34,31.36666666666667,24.965454545454545,0.35714285714285715,0.0,0.0,0.02666666666666667,0.26666666666666666,0.12545454545454546,1.8571428571428568,2.333333333333333,2.333333333333333,2.8,2.4,2.4181818181818184,3.0,-0.2537508315517911,-1.5288803333729248,0.861032258064516,581.03,33.84,338.31,442.96,335.7000000000001,319.19999999999993,238.28000000000003,120.4,0.9344773790951638,0.0709433962264151,0.6482276298141405,0.8141898722543884,0.6845990700709683,0.6670846394984324,0.5415454545454547,0.4684095860566448
2018-01-27,45.0,-0.23863636363636365,3.80666248977032,0.9412804624277452,27.1,27.25,26.8,27.28,27.366666666666664,27.366666666666664,27.17333333333333,27.9,28.05,27.33333333333333,28.24,28.3,28.3,28.0,26.4,26.55,26.3,26.360000000000007,26.566666666666666,26.566666666666666,26.42,7.6571428571428575,6.766666666666668,4.4,12.486666666666665,11.26,9.27818181818182,26.5,23.200000000000006,15.244444444444444,63.21333333333333,49.4,40.37636363636364,0.028571428571428574,0.0,0.1111111111111111,0.02666666666666667,0.0,0.029090909090909087,5.142857142857143,4.222222222222221,5.4444444444444455,4.6,4.333333333333333,4.672727272727274,4.0,0.4129158351148767,0.6844529999604099,0.8641935483870968,568.88,30.16,338.94,407.78,325.82,377.76,334.33,133.6,0.914936391270084,0.06322851153039831,0.6494347576164015,0.7495266979137947,0.6644506077167794,0.7894670846394984,0.7598409090909091,0.5197634609399314
2018-02-03,48.0,-0.2318181818181818,3.8712010109078916,0.9418662427745662,27.200000000000006,27.2,26.96666666666667,27.58,27.53333333333333,27.53333333333333,27.34666666666667,28.2,28.15,28.16666666666667,28.6,28.3,28.3,28.339999999999996,25.4,25.5,25.46666666666667,26.08,26.366666666666664,26.366666666666664,25.84666666666667,11.671428571428573,9.966666666666667,11.111111111111109,2.2,4.633333333333334,6.798181818181818,35.25714285714286,34.28888888888889,45.73333333333333,8.0,16.426666666666666,24.24363636363636,0.0,0.04444444444444445,0.0,0.0,0.05333333333333334,0.021818181818181816,3.8571428571428568,4.333333333333333,3.333333333333333,3.0,4.733333333333333,3.8545454545454554,5.0,0.5788405271199402,-0.4974708322722989,0.8559285714285714,559.68,20.51,339.7600000000001,482.0,317.34,251.52,232.14,157.44,0.9001399231226981,0.04299790356394129,0.6510059398352175,0.8859479827221763,0.6471571906354514,0.5256426332288402,0.5275909090909091,0.6125116713352007
2018-02-10,50.0,-0.2272727272727273,3.912023005428147,0.9424521387283232,26.35,26.35,26.399999999999995,26.94,26.766666666666666,26.766666666666666,26.64,26.85,26.8,26.933333333333334,27.22,27.133333333333336,27.133333333333336,27.040000000000006,25.75,25.85,26.03333333333333,26.379999999999995,26.23333333333333,26.23333333333333,26.126666666666665,0.028571428571428574,0.2222222222222222,0.2777777777777778,0.08,0.1866666666666667,0.15818181818181812,0.2857142857142857,1.3111111111111111,1.9111111111111116,0.5333333333333333,1.2933333333333332,1.061818181818182,0.0,0.0,0.0,0.0,0.0,0.0,0.5714285714285714,1.2222222222222223,1.1111111111111112,0.6666666666666666,1.1333333333333333,0.9454545454545454,6.0,-0.7211594728800499,-0.2174708322723049,0.8324285714285713,567.3599999999999,16.94,283.96,445.0,279.5,289.92,229.95,209.28,0.9124917574022549,0.03551362683438156,0.5440889059206743,0.817939527616947,0.5699893955461294,0.6058934169278998,0.5226136363636363,0.8141923436041082
2018-02-17,28.0,-0.2772727272727273,3.332204510175204,0.9430379190751444,27.15,27.1,27.0,27.579999999999995,27.46666666666667,27.46666666666667,27.32,27.6,27.4,27.33333333333333,27.92,27.73333333333333,27.73333333333333,27.65333333333333,26.85,26.8,26.73333333333333,27.16,27.2,27.2,26.993333333333336,2.4285714285714284,1.0555555555555556,0.2333333333333333,0.5800000000000001,0.04666666666666667,0.6909090909090911,13.2,5.455555555555557,1.633333333333333,4.0,0.26666666666666666,4.003636363636363,0.0,0.0,0.0,0.0,0.0,0.0,0.7142857142857143,1.5555555555555556,1.4444444444444444,0.4666666666666667,0.4,0.8181818181818182,7.0,-0.10782613954672372,0.6491958343943658,0.8089285714285714,541.44,18.83,324.2600000000001,449.0,303.58,406.07999999999987,324.12,202.56,0.8708043167087509,0.03947589098532495,0.6213067637478444,0.8252917930337286,0.6190961742393343,0.8486520376175547,0.7366363636363636,0.7880485527544351
2018-02-24,39.0,-0.2522727272727273,3.6635616461296463,0.9436236994219652,27.25,27.3,27.4,27.58,27.5,27.5,27.446666666666665,28.05,27.950000000000006,27.93333333333333,28.32,28.2,28.2,28.133333333333336,25.450000000000006,25.9,26.0,26.0,26.23333333333333,26.23333333333333,25.96,3.528571428571428,0.6888888888888889,0.38888888888888895,5.593333333333334,2.1599999999999997,2.74,22.74285714285714,4.044444444444443,2.5222222222222217,36.65999999999999,15.106666666666666,18.087272727272726,0.0,0.0,0.0,0.0,0.0,0.0,1.7142857142857142,1.5555555555555556,1.7777777777777777,1.6,1.4,1.5818181818181818,8.0,0.3721738604532838,-0.3841374989389692,0.7854285714285715,562.64,24.06,243.54,508.6,211.42,339.99999999999994,301.64,145.2,0.904900525917944,0.05044025157232705,0.4666411189883118,0.9348405477437736,0.4311526225630149,0.7105538140020897,0.6855454545454546,0.564892623716153
2018-03-03,51.0,-0.225,3.9318256327243257,0.9442095953757224,27.45,27.55,27.7,27.7,27.83333333333333,27.83333333333333,27.673333333333336,27.75,28.0,28.266666666666666,28.06,28.16666666666667,28.16666666666667,28.07333333333333,27.05,27.1,27.2,27.36,27.399999999999995,27.399999999999995,27.26,12.3,9.366666666666667,1.2,6.573333333333332,4.213333333333334,6.2363636363636346,60.014285714285705,42.73333333333333,6.966666666666668,34.72,21.466666666666665,31.09454545454546,0.0,0.0,0.0,0.0,0.0,0.0,2.571428571428572,3.0,1.8888888888888888,1.5333333333333334,2.066666666666667,2.109090909090909,9.0,-0.31574157259245794,0.5748460824425621,0.7731612903225806,478.46,28.26,273.90000000000003,470.94,194.34,440.44000000000005,236.22,91.08,0.7695128423693649,0.059245283018867924,0.524813182602031,0.8656189688447753,0.3963210702341137,0.9204597701149426,0.5368636363636363,0.3543417366946779
2018-03-10,37.0,-0.25681818181818183,3.610917912644224,0.9447953757225434,27.450000000000006,27.7,27.633333333333336,27.76,27.766666666666666,27.766666666666666,27.68666666666667,28.65,28.8,28.46666666666667,28.880000000000006,28.83333333333333,28.83333333333333,28.746666666666666,26.200000000000006,26.5,26.366666666666664,26.48,26.633333333333336,26.633333333333336,26.45333333333333,7.557142857142857,2.811111111111111,2.833333333333333,7.459999999999999,4.5600000000000005,5.163636363636363,23.728571428571428,14.666666666666664,12.922222222222222,27.32666666666667,21.49333333333333,20.849090909090904,0.0,0.0,0.0,0.0,0.0,0.0,2.4285714285714284,1.4444444444444444,2.333333333333333,2.066666666666667,1.6,1.9272727272727272,10.0,0.3575917607408705,-0.23182058422410634,0.7758709677419355,487.86,26.94,272.25,496.32,331.0100000000001,379.47,187.86,125.4,0.7846309728677807,0.05647798742138365,0.5216516574056331,0.9122690929142542,0.6750346684068849,0.7930407523510973,0.4269545454545455,0.4878618113912232
2018-03-17,39.0,-0.2522727272727273,3.6635616461296463,0.9453812716763004,28.2,28.25,28.2,28.28,28.3,28.3,28.25333333333333,28.75,28.9,28.6,28.82,28.8,28.8,28.77333333333333,27.6,27.700000000000006,27.83333333333333,27.46,27.73333333333333,27.73333333333333,27.64,0.4714285714285715,1.0666666666666669,0.34444444444444444,4.073333333333333,1.9200000000000008,1.925454545454545,3.2,5.777777777777778,2.3888888888888893,20.113333333333326,9.093333333333332,9.709090909090909,0.0,0.0,0.0,0.0,0.0,0.0,0.42857142857142855,1.2222222222222223,0.8888888888888888,1.6,1.4,1.2181818181818185,11.0,0.38425842740754135,0.9548460824425612,0.7785806451612903,465.30000000000007,23.46,273.35,502.89999999999986,273.34000000000003,361.27,171.12,112.53000000000002,0.7483474596715829,0.04918238993710692,0.5237593408698984,0.9243635695248598,0.557427196345542,0.7550052246603971,0.3889090909090909,0.4377917833800187
2018-03-24,36.0,-0.2590909090909091,3.58351893845611,0.9459670520231214,28.5,28.45,28.33333333333333,28.52,28.46666666666667,28.46666666666667,28.46,28.85,28.75,28.7,29.22,28.93333333333333,28.93333333333333,28.946666666666665,28.1,28.1,27.700000000000006,27.84,27.83333333333333,27.83333333333333,27.880000000000006,1.3142857142857145,1.522222222222222,0.2777777777777778,5.5600000000000005,7.540000000000001,4.034545454545454,7.3428571428571425,10.222222222222221,1.6444444444444446,28.45333333333333,38.213333333333345,21.05818181818182,0.0,0.0,0.0,0.0,0.0,0.0,1.1428571428571428,1.3333333333333333,0.7777777777777778,1.9333333333333331,1.6666666666666667,1.4727272727272729,12.0,0.5575917607408734,1.194846082442563,0.7812903225806452,523.5799999999998,20.7,244.75000000000003,422.06,311.26,437.71,169.26,46.53,0.8420798687617607,0.04339622641509434,0.4689595707990036,0.7757742854517049,0.6347581368790276,0.9147544409613376,0.3846818181818182,0.18102240896358546
2018-03-31,24.0,-0.2863636363636364,3.1780538303479458,0.9465529479768784,26.65,26.950000000000006,26.9,26.94,27.2,27.2,26.946666666666665,27.85,28.15,28.3,28.18,28.46666666666667,28.46666666666667,28.21333333333333,25.4,25.5,25.5,25.380000000000006,25.46666666666667,25.46666666666667,25.44,6.628571428571428,3.2666666666666666,2.811111111111111,10.973333333333334,3.74,5.850909090909092,21.285714285714285,11.466666666666665,10.466666666666663,45.14666666666667,14.226666666666668,22.49090909090909,0.028571428571428574,0.0,0.022222222222222227,0.013333333333333334,0.04,0.021818181818181816,4.714285714285714,3.2222222222222223,4.0,4.266666666666667,3.4,3.872727272727273,13.0,-0.17574157259245735,-1.2451539175574382,0.784,595.1,19.14,248.7,485.81000000000006,340.75,278.37000000000006,215.24,156.48000000000005,0.9571063254901332,0.04012578616352201,0.4765280705115922,0.8929510155316609,0.6948976262337874,0.5817554858934171,0.4891818181818182,0.6087768440709618
2018-04-07,38.0,-0.2545454545454545,3.6375861597263857,0.9471387283236994,28.1,28.1,28.2,28.4,28.3,28.3,28.26,28.55,28.65,28.5,28.880000000000006,28.766666666666666,28.766666666666666,28.706666666666663,27.2,27.35,27.6,27.76,27.5,27.5,27.54666666666667,4.7,11.233333333333334,3.744444444444445,8.273333333333332,8.086666666666666,7.460714285714282,24.65,48.68888888888888,17.444444444444443,34.84,39.06666666666667,33.94642857142857,0.0,0.0,0.0,0.0,0.0,0.0,1.625,1.8888888888888888,1.4444444444444444,2.6,2.2,2.0535714285714284,14.0,-0.07525748804998855,0.6543102655178963,0.7842333333333333,573.3,22.38,299.88,507.3,277.2,220.32000000000005,200.88,122.4,0.9220451292278494,0.046918238993710684,0.5745928338762214,0.9324510614833196,0.5652989640264295,0.4604388714733543,0.4565454545454545,0.4761904761904762
2018-04-14,38.0,-0.2545454545454545,3.6375861597263857,0.9477245086705204,28.7,28.85,28.8,28.78,28.9,28.9,28.806666666666665,29.5,29.55,29.366666666666664,29.4,29.5,29.5,29.446666666666665,27.5,27.95,28.1,27.72,27.93333333333333,27.93333333333333,27.84,4.7375,3.066666666666667,0.34444444444444444,4.560000000000001,4.033333333333334,3.5267857142857126,32.2625,20.677777777777774,1.8666666666666665,25.079999999999995,25.986666666666665,21.910714285714292,0.0,0.0,0.0,0.0,0.0,0.0,1.0,1.0,1.1111111111111112,2.4,1.6666666666666667,1.5714285714285714,15.0,0.6647425119500134,0.9476435988512292,0.7844666666666668,560.56,21.48,243.27,446.5,253.44,268.92,277.2,190.08,0.9015552374672304,0.045031446540880496,0.4661237785016286,0.8206966271482401,0.5168447671098785,0.5620062695924766,0.63,0.7394957983193277
2018-04-21,56.0,-0.2136363636363636,4.02535169073515,0.9483104046242774,27.35,27.700000000000006,27.8,27.32,27.73333333333333,27.73333333333333,27.55333333333333,28.8,28.75,28.73333333333333,28.42,28.83333333333333,28.83333333333333,28.66000000000001,26.05,26.65,26.566666666666666,26.56,26.96666666666667,26.96666666666667,26.58666666666666,11.15,13.4,4.577777777777778,14.333333333333336,11.79333333333333,11.480357142857144,40.225,54.71111111111111,22.988888888888887,41.22666666666665,45.93333333333334,41.580357142857146,0.0,0.0,0.0,0.21333333333333332,0.0,0.05714285714285715,2.75,3.0,2.555555555555556,3.733333333333333,2.6666666666666665,3.0,16.0,-0.12192415471664475,-0.3056897344821117,0.7847,572.3199999999998,21.72,260.61,505.4,235.62,319.9500000000001,203.76,145.44,0.9204689837078018,0.04553459119496856,0.4993485342019542,0.9289587354103483,0.4805041194224651,0.668652037617555,0.463090909090909,0.5658263305322129
2018-04-28,56.0,-0.2136363636363636,4.02535169073515,0.9488961849710984,27.65,28.25,28.066666666666666,28.3,28.5,28.5,28.2,29.25,30.2,29.866666666666664,29.96,30.16666666666667,30.16666666666667,29.92,26.3,26.6,26.53333333333333,27.08,26.8,26.8,26.74666666666666,13.5375,9.177777777777775,6.177777777777778,6.806666666666668,8.386666666666667,8.471428571428572,47.4875,30.08888888888889,23.46666666666667,26.86,35.60666666666667,32.12321428571429,0.0,0.08888888888888889,0.0,0.0,0.0,0.014285714285714287,2.875,2.888888888888889,2.6666666666666665,2.4,2.333333333333333,2.571428571428572,17.0,1.1380758452833462,-0.14568973448211153,0.7849333333333334,555.16,20.3,274.89,408.05,390.18,254.46,284.64,122.37,0.8928703539894173,0.042557651991614265,0.5267100977198695,0.7500229758294276,0.7957011175462925,0.5317868338557994,0.6469090909090909,0.4760737628384687
2018-05-05,77.0,-0.16590909090909092,4.343805421853683,0.9494820809248556,27.75,28.43333333333333,28.46666666666667,28.52,28.766666666666666,28.766666666666666,28.44375,29.0,29.5,29.433333333333334,29.64,29.600000000000005,29.600000000000005,29.4875,26.25,27.2,27.266666666666666,27.14,27.3,27.3,27.093750000000004,8.4875,8.077777777777778,5.622222222222222,10.999999999999998,5.98,7.962500000000002,26.9,23.97777777777777,25.16666666666667,45.68000000000002,21.62666666666667,29.76964285714286,0.025,0.0,0.0,0.0,0.0,0.0035714285714285718,6.0,4.5555555555555545,4.4444444444444455,4.266666666666667,3.8,4.464285714285714,18.0,0.1258600718196874,-0.2516880683509584,0.7858064516129032,564.48,60.34,301.92000000000013,358.14,343.5,375.18,297.48,99.45,0.9078598195474212,0.12649895178197065,0.5785016286644952,0.6582850840915357,0.7005057508769067,0.7840752351097179,0.676090909090909,0.38690476190476186
2018-05-12,62.0,-0.2,4.127134385045092,0.9500678612716764,29.45,30.1,29.566666666666666,29.660000000000004,29.76666666666667,29.76666666666667,29.718750000000004,30.3,30.633333333333336,30.133333333333336,30.340000000000003,30.066666666666666,30.066666666666666,30.3,28.65,29.5,29.133333333333336,29.14,29.43333333333333,29.43333333333333,29.2,2.125,1.1444444444444446,0.6888888888888889,1.7133333333333336,0.6866666666666668,1.2410714285714284,14.0875,7.066666666666666,4.855555555555554,10.02,4.466666666666667,7.8089285714285674,0.0,0.0,0.0,0.0,0.0,0.0,1.125,1.3333333333333333,0.4444444444444444,1.4666666666666666,0.8,1.0535714285714286,19.0,0.9383600718196874,1.8545619316490336,0.7869354838709677,554.88,27.86,241.74,493.5,335.25,298.74,215.74000000000004,102.15,0.8924200266979752,0.05840670859538784,0.4631921824104234,0.9070857457954232,0.6836813769475487,0.6243260188087775,0.4903181818181819,0.39740896358543415
2018-05-19,64.0,-0.19545454545454544,4.158883083359672,0.9506537572254335,27.4,28.4,28.4,28.06,28.5,28.5,28.1875,28.35,29.16666666666667,28.93333333333333,28.84,29.100000000000005,29.100000000000005,28.90625,26.7,27.63333333333333,27.766666666666666,27.160000000000004,27.9,27.9,27.443750000000005,18.8125,11.866666666666667,5.4,15.52,7.093333333333333,11.519642857142856,70.5,46.31111111111111,22.644444444444453,50.79333333333333,28.17333333333333,42.30535714285715,0.5249999999999999,0.2888888888888889,0.0,0.4133333333333333,0.02666666666666667,0.2392857142857143,6.0,5.333333333333333,3.555555555555556,5.066666666666666,4.133333333333334,4.75,20.0,-0.4553899281803169,0.09831193164904306,0.7880645161290323,546.24,33.18000000000001,250.41000000000003,328.99999999999994,317.25,304.98,222.44,112.95000000000002,0.8785242131334738,0.06955974842767297,0.4798045602605863,0.6047238305302821,0.6469736520107676,0.6373667711598746,0.5055454545454545,0.4394257703081233
2018-05-26,65.0,-0.19318181818181815,4.174387269895637,0.9512395375722544,27.75,28.4,28.23333333333333,28.04,28.33333333333333,28.33333333333333,28.162499999999994,28.85,29.5,28.8,29.079999999999995,29.0,29.0,29.0625,26.65,27.16666666666667,27.633333333333336,26.94,27.53333333333333,27.53333333333333,27.1875,3.4375,10.366666666666667,9.044444444444443,8.226666666666668,12.586666666666668,9.185714285714283,12.9625,42.91111111111111,41.16666666666666,31.94666666666667,51.026666666666664,37.589285714285715,0.15,0.0,0.0,0.013333333333333334,0.040000000000000015,0.03571428571428571,4.75,3.2222222222222223,2.888888888888889,3.733333333333333,4.533333333333333,3.875,21.0,-0.2991399281803169,-0.1579380683509619,0.7891935483870968,533.52,24.42,269.7,395.62,310.89,308.75000000000006,271.55000000000007,146.25,0.8580664876079579,0.051194968553459126,0.5167656639202911,0.7271758110467788,0.6340035891997715,0.6452455590386627,0.617159090909091,0.5689775910364145
2018-06-02,54.0,-0.21818181818181814,3.9889840465642745,0.9518253179190757,27.45,28.03333333333333,27.43333333333333,27.74,27.66666666666667,27.66666666666667,27.6875,27.9,28.5,27.93333333333333,28.06,28.066666666666666,28.066666666666666,28.1,26.9,27.6,27.03333333333333,27.18,27.33333333333333,27.33333333333333,27.225,11.2375,14.666666666666664,13.433333333333335,18.546666666666667,12.633333333333333,14.473214285714285,42.9625,46.53333333333333,43.2,54.84,37.04666666666665,45.17142857142858,0.0,0.8888888888888888,0.08888888888888889,0.8533333333333334,0.7399999999999999,0.5839285714285714,2.75,3.7777777777777777,4.888888888888889,5.533333333333332,6.533333333333332,5.017857142857143,22.0,-1.1015296502751326,0.1706464917081938,0.7902,530.84,38.97,283.5,458.15,266.34,303.94,212.43,35.64,0.8537562121041543,0.08169811320754716,0.5432075110174363,0.8421101001746163,0.5431519699812382,0.6351933124346918,0.4827954545454546,0.13865546218487393
2018-06-09,75.0,-0.17045454545454544,4.31748811353631,0.9524112138728326,29.3,30.0,29.366666666666664,29.600000000000005,29.7,29.7,29.586666666666666,30.15,30.6,30.066666666666666,30.28,30.23333333333333,30.23333333333333,30.25333333333333,28.55,29.4,28.73333333333333,28.92,28.933333333333334,28.933333333333334,28.9,0.25,2.555555555555556,0.977777777777778,1.3933333333333338,3.026666666666667,1.7874999999999994,1.65,15.422222222222226,6.2444444444444445,8.8,19.96,11.421428571428569,0.0,0.0,0.0,0.0,0.0,0.0,0.75,1.2222222222222223,1.2222222222222223,1.0,1.1333333333333333,1.0714285714285714,23.0,1.0518036830582034,1.8456464917081983,0.7909,499.56,37.89,262.44,414.8,297.39,263.9,211.7,112.68,0.803448220403043,0.07943396226415095,0.5028549530561409,0.7624299237202464,0.6064727954971857,0.5515151515151515,0.4811363636363636,0.438375350140056
2018-06-16,55.0,-0.2159090909090909,4.007333185232471,0.9529969942196536,28.45,29.55,28.866666666666664,29.11666666666667,29.0,29.0,29.01875,29.85,30.3,29.83333333333333,29.98333333333333,29.93333333333333,29.93333333333333,29.96875,26.55,27.950000000000006,27.03333333333333,27.366666666666664,26.96666666666667,26.96666666666667,27.2,5.6875,5.911111111111111,1.4333333333333336,4.806666666666667,2.4133333333333336,3.9267857142857148,26.0,26.91111111111111,7.6,28.486666666666668,12.8,20.31964285714286,0.0,0.0,0.0,0.0,0.0,0.0,2.875,2.1111111111111107,2.1111111111111107,1.9333333333333331,1.4666666666666666,2.0,24.0,0.7672203497248695,0.1456464917081952,0.7916,504.16,26.099999999999994,261.90000000000003,456.45,293.94,305.76,268.64,86.4,0.8108464544767359,0.05471698113207546,0.5018202720827745,0.8389853873724842,0.5994371482176359,0.6389968652037618,0.6105454545454545,0.3361344537815126
2018-06-23,61.0,-0.20227272727272727,4.110873864173311,0.9535828901734106,27.450000000000006,27.950000000000006,27.9,28.1,28.266666666666666,28.266666666666666,27.986666666666668,29.3,29.2,29.2,29.72,29.633333333333336,29.633333333333336,29.473333333333336,26.1,27.0,27.0,26.62,27.43333333333333,27.43333333333333,26.84,7.800000000000002,8.944444444444445,5.3,10.713333333333336,6.246666666666666,7.946428571428571,22.6625,28.57777777777777,23.08888888888889,40.56666666666667,19.22,27.555357142857147,0.425,0.0,0.0,0.006666666666666667,0.0,0.06250000000000001,5.25,4.333333333333333,4.111111111111111,4.266666666666667,3.533333333333333,4.196428571428571,25.0,0.2718036830582058,-0.21435350829180425,0.7923,518.88,26.64,277.56,410.55,281.52,327.6,304.41,135.36,0.8345208035125529,0.05584905660377359,0.5318260203104042,0.7546181417149159,0.574108818011257,0.6846394984326019,0.6918409090909089,0.5266106442577031
2018-06-30,76.0,-0.16818181818181818,4.330733340286331,0.9541686705202316,26.4,27.05,26.9,26.82,26.7,26.7,26.78666666666667,27.55,28.25,27.9,28.02,27.633333333333336,27.633333333333336,27.88666666666667,25.0,25.95,25.93333333333333,25.94,26.0,26.0,25.826666666666664,9.15,15.31111111111111,5.944444444444443,19.67333333333333,14.7,13.930357142857142,37.625,57.111111111111114,22.266666666666666,69.56,52.2,50.746428571428574,0.0,0.0,0.0,0.0,0.0,0.0,4.125,3.333333333333333,3.2222222222222223,5.0,3.933333333333333,4.035714285714286,26.0,-1.3148629836084638,-1.2276868416251396,0.7929999999999999,585.92,31.37,271.5,412.9500000000001,251.43000000000004,221.09,340.76,74.27000000000002,0.9423420235778502,0.06576519916142558,0.5202146004981797,0.759029500964985,0.5127457378252713,0.462048066875653,0.7744545454545454,0.2889433551198257
2018-07-07,58.0,-0.20909090909090908,4.060443010546419,0.9547545664739888,27.55,28.23333333333333,27.8,28.12,28.133333333333336,28.133333333333336,28.0125,28.700000000000006,29.266666666666666,28.66666666666667,28.880000000000006,28.766666666666666,28.766666666666666,28.86875,25.700000000000006,26.8,26.83333333333333,26.840000000000003,27.03333333333333,27.03333333333333,26.725,6.387500000000001,5.022222222222221,7.888888888888889,4.18,1.12,4.4071428571428575,29.125,26.044444444444448,41.34444444444445,20.96,4.6800000000000015,21.858928571428567,0.0,0.0,0.0,0.0,0.0,0.0,3.75,2.7777777777777777,2.555555555555556,3.2666666666666666,3.066666666666667,3.0892857142857144,27.0,0.0018264498551872066,-0.1232104527954121,0.7893870967741935,556.6400000000001,20.24,265.1,441.0,255.96000000000004,162.67999999999995,319.67999999999995,125.13,0.8952506553870404,0.04243186582809225,0.5079517148879095,0.8105872622001655,0.5219838486010279,0.33997910135841164,0.7265454545454544,0.4868113912231559
2018-07-14,44.0,-0.2409090909090909,3.7841896339182615,0.9553403468208096,28.25,28.8,28.2,28.42,28.399999999999995,28.399999999999995,28.425000000000004,29.2,29.53333333333333,28.96666666666667,29.18,29.1,29.1,29.193749999999994,26.7,27.3,26.83333333333333,26.840000000000003,26.7,26.7,26.881250000000005,2.25,1.4555555555555555,1.955555555555556,2.6600000000000006,1.8733333333333333,2.083928571428572,10.05,8.177777777777777,9.944444444444443,12.966666666666667,11.666666666666664,10.946428571428566,0.0,0.0,0.0,0.0,0.0,0.0,1.625,1.2222222222222223,1.6666666666666667,2.2,1.9333333333333331,1.8035714285714288,28.0,0.3268264498551794,0.03303954720459501,0.7857741935483871,529.1999999999998,25.68,283.25,499.8,260.82000000000005,211.65,345.5800000000001,165.54999999999995,0.8511185808257071,0.05383647798742138,0.542728492048285,0.9186655638268542,0.5318949343339588,0.4423197492163009,0.7854090909090911,0.6440631808278866
2018-07-21,41.0,-0.24772727272727274,3.7135720667043084,0.9559261271676296,28.450000000000006,28.96666666666667,28.33333333333333,28.62,28.53333333333333,28.53333333333333,28.59375,29.05,29.566666666666666,28.96666666666667,29.12,28.96666666666667,28.96666666666667,29.137500000000006,27.3,27.633333333333336,27.133333333333336,27.440000000000005,27.566666666666666,27.566666666666666,27.425000000000004,4.375,7.655555555555557,6.144444444444443,4.48,6.513333333333334,5.787500000000001,16.675,25.13333333333333,22.45555555555556,17.893333333333334,21.08,20.46964285714285,0.0,0.0,0.0,0.0,0.0,0.0,2.625,2.7777777777777777,2.4444444444444446,2.933333333333333,3.066666666666667,2.821428571428572,29.0,0.2705764498551879,0.5767895472045943,0.7821612903225806,576.24,29.68,253.55000000000004,381.22,222.75000000000003,209.16000000000003,326.34,139.32,0.9267735657879924,0.06222222222222223,0.4858210385131251,0.7007076555463654,0.4542580960926666,0.4371159874608151,0.7416818181818181,0.5420168067226889
2018-07-28,56.0,-0.2136363636363636,4.02535169073515,0.9565120231213876,28.75,29.33333333333333,28.766666666666666,28.9,28.96666666666667,28.96666666666667,28.95,29.75,29.96666666666667,29.46666666666667,29.6,29.5,29.5,29.64375,27.15,27.8,27.466666666666665,27.18,27.5,27.5,27.40625,1.775,3.3666666666666667,0.9555555555555556,2.9266666666666667,0.9066666666666666,1.9750000000000008,10.7875,22.95555555555556,6.688888888888888,17.920000000000005,6.0,12.7125,0.0,0.0,0.0,0.0,0.0,0.0,1.25,1.0,0.8888888888888888,1.0666666666666669,1.0,1.0357142857142858,30.0,0.7768264498551858,0.55803954720459,0.7785483870967742,574.6999999999998,31.079999999999995,250.57,342.58,277.98,304.84,349.1,101.15,0.9242967656850604,0.0651572327044025,0.480111132400843,0.6296847716202555,0.5668896321070235,0.6370741901776384,0.793409090909091,0.3935185185185184
2018-08-04,51.0,-0.225,3.9318256327243257,0.9570978034682076,27.700000000000006,28.23333333333333,27.7,27.899999999999995,28.066666666666666,28.066666666666666,27.93125,29.1,29.46666666666667,28.8,28.940000000000005,29.133333333333336,29.133333333333336,29.06875,26.3,26.933333333333334,26.33333333333333,26.58,26.83333333333333,26.83333333333333,26.6125,2.7625,3.844444444444445,4.344444444444445,2.6,2.1,2.969642857142857,15.8875,21.11111111111111,22.53333333333333,14.500000000000002,12.186666666666667,16.43214285714285,0.0,0.0,0.0,0.0,0.0,0.0,1.875,1.5555555555555556,1.8888888888888888,2.0,2.333333333333333,1.9821428571428568,31.0,0.3180916424584197,-0.20315851180982847,0.7760967741935484,554.5999999999998,18.12,250.41,408.5100000000001,242.58,447.72,285.8400000000001,221.28,0.8919696994065328,0.0379874213836478,0.4798045602605862,0.7508684863523575,0.4946977730646872,0.9356739811912224,0.6496363636363637,0.8608776844070961
2018-08-11,59.0,-0.20681818181818185,4.07753744390572,0.9576836994219656,28.2,28.65,28.2,28.44,28.399999999999995,28.399999999999995,28.38,29.2,29.450000000000006,29.0,29.22,29.2,29.2,29.2,26.45,27.0,26.633333333333336,27.22000000000001,27.16666666666667,27.16666666666667,26.96,1.6625,1.2999999999999998,1.2555555555555555,0.6533333333333334,1.4066666666666665,1.1999999999999995,9.325,6.622222222222224,6.0777777777777775,4.4,7.213333333333334,6.483928571428572,0.0,0.0,0.0,0.0,0.0,0.0,1.0,1.0,1.3333333333333333,1.1333333333333333,1.2666666666666666,1.1607142857142858,32.0,0.4493416424584176,0.14434148819017167,0.7745161290322581,569.64,24.42,249.9,342.65,281.58,334.32,275.04,142.56,0.9161587082039984,0.05119496855345911,0.4788273615635178,0.6298134362650492,0.5742311770943795,0.6986833855799373,0.6250909090909089,0.5546218487394957
2018-08-18,43.0,-0.2431818181818182,3.7612001156935615,0.9582694797687856,29.25,29.55,29.066666666666666,29.22,29.16666666666667,29.16666666666667,29.22666666666667,29.8,30.0,29.566666666666666,29.640000000000004,29.566666666666666,29.566666666666666,29.68,28.450000000000006,28.700000000000006,28.066666666666666,28.360000000000007,28.200000000000006,28.200000000000006,28.32666666666667,0.5875,0.6111111111111109,0.5888888888888889,1.5133333333333332,1.4666666666666668,1.0750000000000002,2.95,4.0,4.0555555555555545,9.773333333333332,9.826666666666666,6.966071428571429,0.0,0.0,0.0,0.0,0.0,0.0,2.0,1.2222222222222223,1.1111111111111112,1.6,1.1333333333333333,1.3928571428571428,33.0,0.9293416424584215,1.5110081548568388,0.7729354838709678,576.22,22.56,211.65,341.76,368.16000000000014,329.28,364.32,161.76,0.9267413995528894,0.047295597484276725,0.4055374592833876,0.6281775572098153,0.7507953340402971,0.6881504702194357,0.828,0.6293183940242763
2018-08-25,68.0,-0.1863636363636364,4.219507705176107,0.9588553757225438,28.15,28.5,28.066666666666666,28.54,28.5,28.5,28.38,29.45,29.5,29.066666666666666,29.58,29.266666666666666,29.266666666666666,29.38666666666667,26.4,27.1,26.66666666666667,27.26,27.399999999999995,27.399999999999995,27.03333333333333,8.3375,7.1,9.555555555555557,5.433333333333334,6.479999999999999,7.058928571428572,46.75,29.288888888888888,35.8,27.16666666666667,29.94666666666667,32.43749999999999,0.0,0.0,0.0,0.0,0.0,0.0,2.5,3.0,2.6666666666666665,1.2,2.2,2.1785714285714284,34.0,0.6360083091250921,0.2176748215235058,0.7713548387096775,548.02,26.28,216.24,396.94,281.58,378.84,259.2,89.28,0.8813870080576419,0.05509433962264152,0.4143322475570032,0.7296020586343167,0.5742311770943795,0.7917241379310346,0.5890909090909091,0.3473389355742297
2018-09-01,75.0,-0.17045454545454544,4.31748811353631,0.9594411560693638,27.9,28.700000000000006,28.2,28.46,28.53333333333333,28.53333333333333,28.38,29.25,29.55,28.96666666666667,29.46,29.23333333333333,29.23333333333333,29.3,26.45,27.8,27.66666666666667,27.48,27.8,27.8,27.486666666666665,4.9875,3.755555555555555,0.7555555555555556,2.8666666666666667,3.4599999999999995,3.1321428571428567,20.3625,16.688888888888883,4.888888888888889,17.45333333333333,23.4,17.319642857142856,0.0,0.0,0.0,0.0,0.0,0.0,1.875,1.6666666666666667,1.2222222222222223,1.4,1.3333333333333333,1.4642857142857142,35.0,0.5301195630500679,0.9938811644843604,0.7700333333333333,514.9,29.54000000000001,227.52,433.43,227.54000000000005,310.47,248.0,111.37,0.8281197227270534,0.06192872117400421,0.4359455834451043,0.7966730998989064,0.4640264295619546,0.6488401253918495,0.5636363636363636,0.4332788671023965
2018-09-08,76.0,-0.16818181818181818,4.330733340286331,0.9600269364161848,26.6,27.3,26.93333333333333,27.26,27.16666666666667,27.16666666666667,27.093333333333334,27.700000000000006,28.55,28.1,28.42,28.266666666666666,28.266666666666666,28.246666666666666,25.35,26.200000000000006,25.866666666666664,26.12,26.3,26.3,26.01333333333334,6.300000000000002,15.333333333333336,13.244444444444447,8.746666666666666,18.76,12.860714285714293,24.562500000000004,51.40000000000001,40.9888888888889,33.23333333333333,59.84,43.28749999999999,0.0,0.022222222222222227,0.0,0.0,0.04,0.014285714285714287,2.5,2.7777777777777777,2.6666666666666665,2.4,2.7333333333333334,2.607142857142857,36.0,-0.5232137702832667,-0.4794521688489653,0.7702666666666667,490.2,33.040000000000006,218.88,505.52,180.42,302.57000000000005,295.74,34.04,0.7883944223748331,0.06926624737945494,0.4193906878712396,0.9291793033728518,0.3679337629496696,0.6323301985370952,0.6721363636363636,0.13243075007780888
2018-09-15,49.0,-0.2295454545454545,3.8918202981106265,0.9606128323699418,27.65,28.2,27.73333333333333,28.00000000000001,28.066666666666666,28.066666666666666,27.94,28.9,29.4,28.83333333333333,29.04,29.1,29.1,29.04000000000001,26.35,26.8,26.366666666666664,26.7,26.7,26.7,26.6,2.825,2.2000000000000006,3.0500000000000003,2.506666666666667,2.873333333333333,2.6818181818181817,17.4125,9.4,13.599999999999998,8.506666666666668,13.773333333333335,12.125454545454545,0.0,0.0,0.0,0.4266666666666667,0.0,0.11636363636363635,3.25,3.111111111111111,2.875,3.533333333333333,3.066666666666667,3.2,37.0,0.27011956305007345,0.1072144978176972,0.7705,486.39999999999986,31.500000000000004,236.64,486.83,248.00000000000003,237.79,179.17999999999995,115.07,0.7822828377052606,0.06603773584905663,0.4534201954397393,0.8948258432129399,0.5057508769067625,0.4969487983281087,0.4072272727272727,0.4476735138499844
2018-09-22,63.0,-0.19772727272727272,4.143134726391533,0.9611986127167628,27.0,27.6,27.4,27.44,27.600000000000005,27.600000000000005,27.426666666666666,28.8,29.4,28.66666666666667,28.880000000000006,28.9,28.9,28.9,25.5,26.45,26.33333333333333,26.120000000000005,26.4,26.4,26.18,12.375,16.01111111111111,4.155555555555555,10.042857142857144,8.52,9.98,44.3,61.022222222222226,17.577777777777776,34.15714285714286,32.6,36.8909090909091,0.0,0.0,0.0,0.0,0.0,0.0,4.375,4.666666666666667,4.0,4.571428571428571,4.8,4.5272727272727264,38.0,0.13011956305006578,-0.3127855021823045,0.7707333333333333,510.15,28.910000000000004,235.2,468.14,200.88,351.5499999999999,337.2800000000001,118.4,0.8204802418900881,0.06060796645702308,0.4506610461774285,0.8604723830530283,0.4096582102944775,0.7346917450365725,0.7665454545454546,0.4606286959228136
2018-09-29,40.0,-0.25,3.688879454113936,0.9617845086705198,29.0,29.5,28.8,29.28,29.2,29.2,29.160000000000004,29.55,29.85,29.23333333333333,29.6,29.5,29.5,29.53333333333333,28.05,29.05,28.2,28.68,28.83333333333333,28.83333333333333,28.579999999999995,2.9999999999999987,0.0,0.022222222222222227,0.4142857142857143,0.013333333333333334,0.549090909090909,21.075000000000006,0.022222222222222227,0.17777777777777776,2.8571428571428568,0.10666666666666667,3.8545454545454554,0.0,0.0,0.0,0.0,0.0,0.0,1.0,0.1111111111111111,0.2222222222222222,0.42857142857142855,0.06666666666666668,0.3272727272727273,39.0,0.7634528963833951,2.0872144978176905,0.7709666666666667,495.17,25.410000000000004,185.29,438.71,193.44,368.97,255.43,103.81,0.7963877317979318,0.053270440251572335,0.3550296991760873,0.8063780902490582,0.3944856839872746,0.7710971786833856,0.5805227272727272,0.4038671023965141
2018-10-06,51.0,-0.225,3.9318256327243257,0.9623702890173408,29.35,29.8,29.133333333333336,29.46,29.366666666666664,29.366666666666664,29.406666666666666,29.95,30.25,29.766666666666666,29.940000000000005,29.866666666666664,29.866666666666664,29.93333333333333,27.95,28.25,28.03333333333333,28.0,28.46666666666667,28.46666666666667,28.12666666666667,1.65,1.9888888888888887,0.6000000000000001,1.985714285714286,0.7066666666666667,1.3618181818181814,10.9,13.822222222222221,4.055555555555555,13.87857142857143,4.973333333333333,9.4,0.0,0.0,0.0,0.0,0.0,0.0,1.0,0.8888888888888888,0.8888888888888888,1.0,0.5333333333333333,0.8363636363636363,40.0,1.1506440550610222,1.3522769087469868,0.776032258064516,521.6999999999998,25.760000000000005,153.36999999999995,396.0,220.99,363.12,221.76,69.75,0.8390562426620776,0.05400419287211741,0.2938685571948648,0.7278742762613731,0.4506688963210703,0.758871473354232,0.504,0.2713585434173669
2018-10-13,51.0,-0.225,3.9318256327243257,0.962956069364162,26.35,26.85,26.73333333333333,26.76,26.96666666666667,26.96666666666667,26.75333333333333,26.95,27.55,27.366666666666664,27.44,28.2,28.2,27.52666666666666,25.85,26.4,26.23333333333333,26.22,26.266666666666666,26.266666666666666,26.20666666666667,21.262500000000006,19.366666666666667,19.45555555555556,16.95714285714286,17.746666666666666,18.601818181818174,59.5125,55.64444444444445,51.988888888888894,54.28571428571429,43.93333333333333,52.0690909090909,0.7875000000000001,0.4888888888888889,0.6333333333333333,1.0214285714285714,0.2,0.6127272727272729,7.0,6.4444444444444455,6.5555555555555545,6.7857142857142865,6.133333333333334,6.545454545454546,41.0,-1.2560226116056512,-0.5677230912530149,0.7819032258064516,537.6800000000002,33.18000000000001,172.97000000000003,386.32000000000005,347.2700000000001,347.1,230.58,97.03,0.8647570645093846,0.06955974842767297,0.3314236443763173,0.7100817939527618,0.7081939799331104,0.7253918495297805,0.5240454545454546,0.3774898848428259
2018-10-20,62.0,-0.2,4.127134385045092,0.9635419653179188,27.25,27.7,27.4,27.64,27.8,27.8,27.58,28.8,29.35,28.6,29.0,29.133333333333336,29.133333333333336,28.966666666666665,25.5,25.55,25.566666666666666,25.860000000000007,25.93333333333333,25.93333333333333,25.72666666666667,3.1875,4.922222222222222,4.933333333333334,8.307142857142855,3.7000000000000006,5.2,12.3625,16.133333333333336,13.555555555555555,32.392857142857146,16.773333333333333,19.476363636363637,0.0,0.0,0.0,0.0,0.0,0.0,2.75,3.333333333333333,3.6666666666666665,2.357142857142857,2.466666666666667,2.8181818181818183,42.0,0.1839773883943536,-1.047723091253015,0.7877741935483872,561.18,34.160000000000004,186.2,340.56,301.07,387.15,224.91,83.08,0.902552390755424,0.07161425576519917,0.3567733282237976,0.6259718775847809,0.6139774859287054,0.8090909090909091,0.5111590909090908,0.3232181761593526
2018-10-27,78.0,-0.16363636363636366,4.356708826689592,0.96412774566474,27.55,28.3,27.9,28.04,28.4,28.4,28.05333333333333,28.65,29.4,28.866666666666664,28.82,29.26666666666667,29.26666666666667,28.97333333333333,26.6,27.35,27.0,27.28,27.600000000000005,27.600000000000005,27.20666666666667,10.925,7.7444444444444445,2.5,10.771428571428574,2.2,6.607272727272727,37.4125,36.177777777777784,11.155555555555555,42.51428571428572,10.88,26.97636363636364,0.025,0.0,0.0,0.07857142857142857,0.0,0.023636363636363643,4.25,2.333333333333333,2.2222222222222223,3.928571428571429,2.2666666666666666,2.981818181818182,43.0,0.19064405506102133,0.4322769087469851,0.7936451612903226,526.86,34.89000000000001,226.3,362.76,280.49,390.16,260.31,87.8,0.8473551313186548,0.07314465408805032,0.4336079708756466,0.6667769506479184,0.5720083204176524,0.8153814002089864,0.5916136363636364,0.3415810768751945
2018-11-03,75.0,-0.17045454545454544,4.31748811353631,0.9647136416184968,26.7,27.25,27.0,27.26,27.46666666666667,27.46666666666667,27.17333333333333,27.3,27.7,27.73333333333333,27.72,27.96666666666667,27.96666666666667,27.71333333333333,26.35,26.6,26.3,26.54,26.83333333333333,26.83333333333333,26.53333333333333,7.775,9.844444444444443,6.377777777777778,9.357142857142858,6.486666666666666,7.936363636363636,21.8625,29.54444444444445,24.333333333333336,27.464285714285715,20.226666666666674,24.50363636363636,0.07500000000000001,0.1111111111111111,0.022222222222222227,0.5857142857142856,0.02666666666666667,0.18909090909090906,4.5,4.333333333333333,3.111111111111111,5.142857142857143,3.533333333333333,4.1454545454545455,44.0,-0.4985169722171534,0.28695891256398554,0.8005,526.5,24.72,235.44,453.6,283.72,248.64,293.7,108.24,0.8467761390868006,0.05182389937106918,0.4511209043878137,0.8337468982630274,0.5785953177257525,0.5196238244514106,0.6675,0.4211017740429505
2018-11-10,71.0,-0.17954545454545456,4.262679877041316,0.965299421965318,27.1,27.6,27.399999999999995,27.54,27.66666666666667,27.66666666666667,27.486666666666668,27.55,28.0,27.76666666666667,28.360000000000007,28.3,28.3,28.07333333333333,26.75,27.0,26.8,26.880000000000006,27.0,27.0,26.88666666666667,10.0125,10.011111111111113,8.733333333333334,15.992857142857144,11.18,11.643636363636361,25.6125,25.24444444444445,30.777777777777782,45.385714285714286,28.33333333333333,32.17272727272727,1.1875,1.1,0.16666666666666666,1.4357142857142855,0.7466666666666666,0.9490909090909091,6.375,6.111111111111112,6.111111111111112,6.428571428571429,6.066666666666666,6.218181818181818,45.0,-0.13851697221715398,0.6402922458973208,0.8086666666666668,519.3,30.8,252.18000000000004,304.2,243.54,335.9600000000001,306.24,87.12,0.8351962944497161,0.06457023060796645,0.4831960145621767,0.5591397849462366,0.4966555183946488,0.7021107628004181,0.6960000000000001,0.3389355742296919
2018-11-17,78.0,-0.16363636363636366,4.356708826689592,0.965885317919075,26.9,27.35,27.2,27.32,27.366666666666664,27.366666666666664,27.25333333333333,27.8,28.1,27.66666666666667,28.14,28.33333333333333,28.33333333333333,28.033333333333324,25.95,26.5,26.6,26.26,26.266666666666666,26.266666666666666,26.32,15.249999999999998,11.833333333333336,7.277777777777778,14.264285714285714,20.100000000000005,14.458181818181815,49.2,32.93333333333333,25.86666666666667,37.24999999999999,58.2,42.13272727272727,0.05,0.13333333333333333,0.13333333333333333,0.014285714285714287,0.040000000000000015,0.06545454545454546,5.375,4.0,4.777777777777779,4.642857142857143,5.133333333333334,4.8,46.0,-0.17851697221716378,0.07362557923065083,0.8168333333333334,538.2,29.920000000000005,275.94000000000005,443.7,295.19999999999993,262.7,298.32000000000005,53.68,0.8655933866220629,0.06272536687631028,0.5287219773903047,0.8155500413564929,0.6020066889632105,0.5490073145245559,0.6780000000000002,0.20883909119203234
2018-11-24,97.0,-0.12045454545454545,4.574710978503383,0.966471098265896,27.0,27.35,26.96666666666667,27.48,27.366666666666664,27.366666666666664,27.27333333333333,28.0,28.7,27.93333333333333,28.44,28.633333333333336,28.633333333333336,28.35333333333333,26.25,26.5,26.366666666666664,26.56,26.399999999999995,26.399999999999995,26.44,11.9375,10.650000000000002,9.344444444444443,11.771428571428574,8.873333333333333,10.42037037037037,35.4375,30.2,24.4,45.90714285714286,25.72,32.83703703703704,0.3375,0.07500000000000001,0.9555555555555556,0.21428571428571436,0.09333333333333332,0.3018518518518519,6.875,6.375,6.0,6.428571428571429,5.933333333333334,6.277777777777778,47.0,0.1414830277828436,0.19362557923065185,0.825,515.7,36.56,290.5200000000001,395.1,295.2000000000001,303.4,400.62,108.68,0.8294063721311741,0.07664570230607967,0.5566583636712014,0.7262200165425972,0.6020066889632107,0.6340647857889237,0.9105,0.4228135698723934
2018-12-01,109.0,-0.0931818181818182,4.691347882229144,0.9670568786127168,27.4,27.65,27.3,27.72,27.73333333333333,27.73333333333333,27.586666666666666,28.0,28.450000000000006,27.73333333333333,28.4,28.53333333333333,28.53333333333333,28.246666666666666,26.6,26.700000000000006,26.7,27.08,26.83333333333333,26.83333333333333,26.84,8.7875,8.622222222222224,7.222222222222223,8.700000000000001,11.2,9.139999999999997,30.65,19.422222222222224,16.1,22.285714285714285,31.306666666666665,24.48181818181819,0.1,0.8444444444444446,0.8666666666666667,0.4285714285714287,0.68,0.5890909090909091,4.875,5.222222222222221,3.333333333333333,5.214285714285714,6.0,5.072727272727271,48.0,0.431050643477974,1.0428655953219879,0.8314516129032258,475.02,46.1,304.8,442.8,256.31999999999994,214.89,241.92000000000004,127.84,0.7639802499316468,0.09664570230607966,0.5840199271891167,0.8138957816377173,0.5227180030997632,0.4490909090909091,0.5498181818181819,0.4973544973544973
2018-12-08,115.0,-0.07954545454545454,4.74493212836325,0.9676427745664741,26.8,27.35,27.266666666666666,27.020000000000003,27.46666666666667,27.46666666666667,27.173333333333336,27.75,28.25,27.9,27.82,28.16666666666667,28.16666666666667,27.95333333333333,26.4,26.700000000000006,26.366666666666664,26.66,26.83333333333333,26.83333333333333,26.60666666666667,11.3125,7.755555555555557,2.8777777777777778,14.878571428571426,9.486666666666666,9.760000000000002,33.6625,24.06666666666667,8.044444444444443,34.72142857142857,23.626666666666665,25.432727272727274,1.825,0.8666666666666667,0.0,1.3428571428571427,1.1733333333333331,1.0690909090909095,6.25,4.5555555555555545,3.6666666666666665,6.0,5.333333333333333,5.236363636363637,49.0,0.1377173101446445,0.8095322619886574,0.8276129032258065,468.65,37.6,259.79999999999995,373.1,344.64,351.47999999999985,240.64,144.76,0.7537353040513374,0.07882599580712787,0.4977965127419044,0.6857825567502988,0.7028305734562362,0.7345454545454544,0.5469090909090909,0.5631808278867102
2018-12-15,108.0,-0.09545454545454546,4.68213122712422,0.9682285549132951,26.65,27.15,27.03333333333333,26.96,27.16666666666667,27.16666666666667,27.0,27.85,28.15,28.1,27.62,28.4,28.4,27.97333333333333,25.95,26.5,26.3,26.440000000000005,26.53333333333333,26.53333333333333,26.37333333333334,8.1,11.888888888888891,6.911111111111111,13.923076923076925,13.553333333333333,11.45,24.1,39.93333333333333,40.977777777777774,35.238461538461536,39.65333333333333,36.55370370370371,0.1,4.0,0.0,1.553846153846154,0.76,1.2666666666666668,3.0,2.6666666666666665,2.555555555555556,4.538461538461538,3.933333333333333,3.5,50.0,0.15771731014464407,0.5761989286553266,0.8237741935483871,483.21,35.2,316.2000000000001,437.06,393.6,321.03,194.56,148.04999999999995,0.7771523232063304,0.07379454926624739,0.6058631921824104,0.8033452807646355,0.802675585284281,0.6709090909090909,0.4421818181818181,0.5759803921568626
2018-12-22,128.0,-0.05,4.852030263919617,0.968814450867052,27.55,27.7,27.4,28.04,28.03333333333333,28.03333333333333,27.8,28.15,28.450000000000006,28.03333333333333,28.66,28.7,28.7,28.446666666666665,26.45,26.7,26.23333333333333,27.04,27.0,27.0,26.746666666666666,4.862499999999999,7.566666666666666,7.888888888888888,2.723076923076924,3.4,4.896296296296296,19.0125,32.91111111111111,39.07777777777777,11.830769230769231,15.17333333333333,21.87777777777778,0.025,0.022222222222222227,0.022222222222222227,0.0,0.013333333333333334,0.014814814814814815,3.375,3.6666666666666665,3.888888888888889,2.3076923076923075,3.466666666666667,3.2777777777777777,51.0,0.6310506434779768,0.9495322619886544,0.8199354838709678,519.61,28.300000000000004,310.2,382.94,307.2000000000001,267.09000000000003,210.56,148.51999999999995,0.8356948710938129,0.059329140461215936,0.594366736922782,0.7038691296755814,0.6264785055877315,0.5581818181818182,0.4785454545454546,0.577808901338313
2018-12-29,160.0,0.022727272727272728,5.0751738152338275,0.9694002312138732,28.0,28.5,28.100000000000005,28.52,28.566666666666666,28.566666666666666,28.37333333333333,28.9,29.5,29.03333333333333,29.26,29.366666666666664,29.366666666666664,29.219999999999995,27.200000000000006,27.6,27.53333333333333,27.880000000000006,27.866666666666664,27.866666666666664,27.680000000000003,0.7571428571428571,2.244444444444445,1.1,0.4153846153846154,0.72,0.9735849056603776,3.685714285714286,14.866666666666665,5.677777777777778,2.0153846153846158,4.96,5.873584905660378,0.0,0.0,0.0,0.0,0.0,0.0,1.5714285714285714,1.3333333333333333,1.7777777777777777,1.3846153846153846,1.0,1.3584905660377358,52.0,1.4043839768113069,1.8828655953219915,0.8160967741935484,534.4200000000002,37.02,338.88,386.64,240.48,334.56,312.6,128.52,0.8595139681875936,0.07761006289308177,0.6493197930638052,0.7106699751861043,0.4904152051553961,0.6991849529780564,0.7104545454545456,0.5
2019-01-05,207.0,0.12954545454545455,5.332718793265369,0.9705952601156074,28.3,28.65,28.399999999999995,28.54,28.8,28.8,28.54666666666667,29.05,29.45,29.5,29.2,29.3,29.3,29.29333333333333,27.15,27.35,27.066666666666666,27.42,27.9,27.9,27.399999999999995,3.45,4.8,4.088888888888889,5.223076923076921,6.6000000000000005,5.083333333333332,19.3375,21.288888888888884,19.866666666666664,25.29230769230769,38.65333333333333,26.55,0.0,0.0,0.0,0.0,0.0,0.0,1.375,1.7777777777777777,1.8888888888888888,2.230769230769231,2.466666666666667,2.0370370370370368,1.0,1.7062491684482095,1.6644529999604032,0.8054838709677419,469.65,49.79,359.6,422.28,359.1,408.27,329.84,121.38,0.7553436158064879,0.10438155136268344,0.6890208852270548,0.7761786600496279,0.7323191124887838,0.8532288401253919,0.7496363636363635,0.4722222222222222
2019-01-12,245.0,0.2159090909090909,5.5012582105447265,0.9720341040462428,28.3,28.3,28.266666666666666,28.52,28.566666666666666,28.566666666666666,28.42,28.55,28.6,28.7,29.08,28.9,28.9,28.833333333333336,27.95,27.85,27.8,27.8,28.0,28.0,27.86666666666667,0.6875,2.555555555555556,1.4666666666666666,2.8615384615384616,4.706666666666667,2.7685185185185186,3.5125,13.933333333333335,8.366666666666667,16.099999999999998,24.66666666666667,14.964814814814806,0.0,0.0,0.0,0.0,0.0,0.0,1.375,1.3333333333333333,1.0,1.3076923076923077,1.5333333333333334,1.3333333333333333,2.0,1.2462491684482124,2.1311196666270757,0.7921612903225806,490.11,45.11,357.11999999999995,361.56,315.9,390.6,310.8400000000001,99.96,0.7882496743168697,0.09457023060796646,0.6842690170530751,0.6645712710228839,0.6442205726405089,0.8163009404388714,0.7064545454545456,0.3888888888888889
2019-01-19,215.0,0.14772727272727273,5.3706380281276624,0.9734728323699422,27.25,27.450000000000006,27.399999999999995,27.56,27.5,27.5,27.46,28.2,28.35,28.2,28.48,28.3,28.3,28.33333333333333,25.700000000000006,25.85,25.8,26.04,25.8,25.8,25.87333333333334,11.9375,6.933333333333334,9.011111111111113,6.599999999999999,9.026666666666667,8.522222222222224,41.2875,32.2,39.28888888888889,29.592307692307696,38.91999999999999,35.96666666666667,0.0,0.0,0.0,0.0,0.0,0.0,1.875,1.7777777777777777,2.1111111111111107,2.0,2.6666666666666665,2.1481481481481484,3.0,0.7462491684482089,0.13778633329374654,0.7788387096774193,508.71,66.17,329.22,390.08,252.0,356.19,276.64,110.16,0.8181642729626711,0.13872117400419287,0.6308105000958036,0.7169929234445365,0.5139081491149359,0.7443887147335423,0.6287272727272727,0.4285714285714286
2019-01-26,222.0,0.16363636363636366,5.402677381872278,0.9749115606936416,27.55,27.55,27.63333333333333,27.860000000000007,27.8,27.8,27.72,28.05,28.1,28.0,28.24,28.26666666666667,28.26666666666667,28.15333333333333,26.950000000000006,27.0,27.066666666666666,27.380000000000006,27.4,27.4,27.21333333333333,0.2285714285714286,0.38888888888888895,0.38888888888888895,0.31666666666666665,0.88,0.4923076923076924,1.0,2.466666666666667,2.233333333333333,1.7166666666666666,5.960000000000003,3.0634615384615382,0.0,0.0,0.0,0.0,0.0,0.0,1.1428571428571428,1.0,1.1111111111111112,1.1666666666666667,1.2,1.1346153846153846,4.0,0.5662491684482056,1.477786333293739,0.7655161290322581,508.2,46.540000000000006,303.66,366.22,302.16,394.35,344.22,108.21000000000002,0.8173440339675443,0.09756813417190777,0.5818356006897872,0.6731366602334345,0.6162003426054328,0.8241379310344827,0.7823181818181818,0.4209850606909431
2019-02-02,182.0,0.07272727272727272,5.204006687076795,0.976350289017341,27.55,27.85,27.63333333333333,28.02,28.066666666666666,28.066666666666666,27.86666666666667,28.1,28.1,28.1,28.46,28.46666666666667,28.46666666666667,28.29333333333333,26.45,27.25,26.83333333333333,27.0,27.26666666666667,27.26666666666667,26.98000000000001,0.42857142857142855,0.1,0.1111111111111111,0.2166666666666667,0.11333333333333336,0.1769230769230768,2.2857142857142856,0.5111111111111112,0.6000000000000001,1.3,0.6799999999999999,0.9961538461538464,0.0,0.0,0.0,0.0,0.0,0.0,2.142857142857143,1.1111111111111112,1.3333333333333333,1.1666666666666667,1.1333333333333333,1.3076923076923077,5.0,0.5321738604532804,0.6358625010610375,0.7549285714285713,580.8,47.06,256.85,427.5,490.36,362.04,401.94,183.15,0.9341074673914792,0.09865828092243184,0.4921440889059207,0.7857733664185278,1.0,0.7566144200626959,0.9135,0.7125350140056022
2019-02-09,138.0,-0.027272727272727268,4.927253685157205,0.9777891329479764,28.200000000000006,28.2,28.133333333333336,28.140000000000004,28.3,28.3,28.18666666666667,28.75,28.65,28.53333333333333,28.840000000000003,28.766666666666666,28.766666666666666,28.72666666666667,27.65,27.6,27.5,27.52,27.933333333333334,27.933333333333334,27.62666666666666,1.0571428571428572,1.8000000000000005,0.14444444444444446,4.23076923076923,1.4799999999999998,1.9264150943396228,6.314285714285715,11.755555555555556,0.9888888888888888,24.684615384615373,9.866666666666667,11.845283018867926,0.0,0.0,0.0,0.0,0.0,0.0,1.4285714285714286,1.0,0.3333333333333333,1.7692307692307692,1.2666666666666666,1.2075471698113207,6.0,0.965507193786614,1.2825291677276915,0.7511785714285714,568.3199999999998,35.36,253.00000000000003,464.4,397.44,339.36,301.89,63.90000000000001,0.9140357366871994,0.0741299790356394,0.4847671967809925,0.8535980148883376,0.8105065666041275,0.7092163009404389,0.6861136363636363,0.2485994397759104
2019-02-16,235.0,0.19318181818181815,5.45958551414416,0.9792278612716758,28.25,28.25,28.133333333333336,28.440000000000005,28.566666666666666,28.566666666666666,28.35333333333334,28.7,28.65,28.6,28.94,28.96666666666667,28.96666666666667,28.806666666666665,27.700000000000006,27.7,27.5,27.880000000000006,28.133333333333336,28.133333333333336,27.80666666666667,0.042857142857142864,0.022222222222222227,0.0,0.6230769230769231,0.020000000000000004,0.1679245283018868,0.2571428571428572,0.1111111111111111,0.011111111111111113,3.6461538461538474,0.12,0.9830188679245284,0.0,0.0,0.0,0.0,0.0,0.0,0.14285714285714285,0.2222222222222222,0.1111111111111111,0.6923076923076923,0.26666666666666666,0.3207547169811321,7.0,1.0455071937866125,1.4625291677276984,0.7474285714285713,572.16,40.69000000000001,254.1,430.2,388.24,348.6,424.56,153.0,0.9202116538269778,0.08530398322851154,0.4868748802452576,0.7907361455748553,0.7917448405253283,0.7285266457680251,0.9649090909090908,0.5952380952380952
2019-02-23,182.0,0.07272727272727272,5.204006687076795,0.9806665895953752,27.4,27.85,27.7,28.0,28.16666666666667,28.16666666666667,27.907142857142855,28.0,28.45,28.33333333333333,28.84,28.9,28.9,28.628571428571423,26.4,26.75,26.53333333333333,27.099999999999994,26.83333333333333,26.83333333333333,26.82142857142857,10.885714285714283,7.799999999999999,4.711111111111112,4.233333333333333,2.773333333333333,5.407692307692307,32.84285714285714,34.48888888888889,21.944444444444446,19.291666666666668,14.346666666666666,22.77884615384615,0.0,0.0,0.0,0.0,0.0,0.0,3.571428571428572,2.2222222222222223,2.2222222222222223,2.833333333333333,2.533333333333333,2.6346153846153846,8.0,0.8674119556913737,0.4772910724895958,0.7436785714285713,565.44,34.870000000000005,265.17,516.15,302.61,327.66,326.64,167.85,0.9094037988323658,0.07310272536687631,0.5080858401992718,0.9487179487179488,0.6171180357288523,0.6847648902821317,0.7423636363636363,0.6530112044817926
2019-03-02,157.0,0.01590909090909091,5.056245805348309,0.9821053179190748,28.2,28.25,28.133333333333336,28.6,28.4,28.4,28.36666666666667,28.3,28.55,28.46666666666667,28.92,28.766666666666666,28.766666666666666,28.66666666666667,28.05,27.9,27.766666666666666,28.24,28.16666666666667,28.16666666666667,28.059999999999995,0.05714285714285715,0.1,0.06666666666666668,0.3,0.07333333333333332,0.13076923076923078,0.4714285714285714,0.575,0.3888888888888889,2.046153846153846,0.52,0.8807692307692307,0.0,0.0,0.0,0.0,0.0,0.0,0.5714285714285714,1.25,0.8888888888888888,0.8461538461538461,0.6,0.8076923076923077,9.0,0.2775917607408793,1.3748460824425557,0.7398387096774194,482.88,42.8,299.0,544.05,268.6,306.75,330.04,100.35,0.7766215803271306,0.08972746331236899,0.5729066871048093,1.0,0.5477608287788563,0.6410658307210031,0.750090909090909,0.390406162464986
2019-03-09,134.0,-0.03636363636363636,4.897839799950911,0.9835441618497112,28.45,28.7,28.4,28.78,28.66666666666667,28.66666666666667,28.62666666666666,29.0,29.4,29.0,29.28,29.16666666666667,29.16666666666667,29.180000000000003,27.6,27.85,27.73333333333333,28.140000000000004,28.03333333333333,28.03333333333333,27.92666666666667,4.4,1.5125,0.0,0.9153846153846152,0.5333333333333332,1.231372549019608,24.185714285714287,10.5,0.0,4.430769230769231,3.7066666666666666,7.18627450980392,0.0,0.0,0.0,0.0,0.0,0.0,1.7142857142857142,0.75,0.0,0.9230769230769232,0.8666666666666667,0.8431372549019608,10.0,0.7909250940742112,1.2415127491092302,0.7357741935483871,522.24,45.6,278.20000000000005,462.21,323.9,335.25,337.44,207.45,0.839924731009859,0.09559748427672957,0.5330523088714313,0.8495726495726497,0.6605351170568561,0.7006269592476488,0.7669090909090909,0.8070728291316526
2019-03-16,109.0,-0.0931818181818182,4.691347882229144,0.9849828901734108,28.6,28.7,28.3,28.540000000000006,28.73333333333333,28.73333333333333,28.56,29.2,29.3,29.066666666666666,29.28,29.33333333333333,29.33333333333333,29.24,27.55,27.25,27.066666666666666,27.160000000000004,27.7,27.7,27.31333333333333,8.242857142857144,7.925000000000002,4.0125,6.033333333333332,2.6533333333333338,5.308000000000002,54.58571428571428,48.75,25.4875,34.06666666666666,17.56,32.96400000000001,0.0,0.0,0.0,0.0,0.0,0.0,2.2857142857142856,1.875,2.0,2.5,2.0,2.14,11.0,0.8509250940742099,0.6281794157758931,0.7317096774193549,479.04,38.3,281.32000000000005,518.01,373.67,252.0,348.54,168.3,0.7704456631873522,0.08029350104821804,0.539030465606438,0.9521367521367522,0.7620319765070559,0.5266457680250783,0.7921363636363635,0.6547619047619048
2019-03-23,97.0,-0.12045454545454545,4.574710978503383,0.98642161849711,28.7,28.7,28.43333333333333,29.020000000000003,28.9,28.9,28.793333333333337,29.25,29.2,29.03333333333333,29.56,29.43333333333333,29.43333333333333,29.34,27.65,27.700000000000006,27.73333333333333,28.12,27.96666666666667,27.96666666666667,27.89333333333333,7.371428571428571,9.95,4.844444444444445,3.8833333333333333,6.566666666666666,6.272549019607844,48.2,46.675,28.95555555555556,27.10833333333333,40.54666666666665,37.350980392156856,0.0,0.6875,0.0,0.0,0.0,0.10784313725490197,1.5714285714285714,2.25,2.2222222222222223,1.0833333333333333,1.3333333333333333,1.6078431372549018,12.0,0.9509250940742042,1.2081794157758914,0.7276451612903226,518.4,37.3,254.2800000000001,431.52,254.38,235.5,330.78,141.29999999999995,0.8337488138700806,0.07819706498951783,0.4872197739030466,0.7931623931623933,0.5187617260787992,0.4921630094043887,0.7517727272727273,0.549719887955182
2019-03-30,100.0,-0.11363636363636365,4.605170185988092,0.9878603468208096,28.25,28.75,28.399999999999995,28.94,29.133333333333336,29.133333333333336,28.75333333333333,28.950000000000006,29.7,29.600000000000005,30.120000000000005,29.96666666666667,29.96666666666667,29.77333333333333,27.4,27.8,27.33333333333333,27.52,27.899999999999995,27.899999999999995,27.58,9.057142857142855,6.085714285714286,3.5875000000000004,8.191666666666668,2.18,5.422448979591835,37.82857142857143,25.142857142857146,19.7375,30.200000000000006,11.786666666666665,23.222448979591835,0.0,0.0,0.0,0.0,0.0,0.0,1.4285714285714286,2.142857142857143,1.625,1.75,1.5333333333333334,1.673469387755102,13.0,1.3842584274075411,0.8948460824425624,0.7235806451612903,520.24,46.67,269.32,444.76,251.04,399.79,328.42,110.85,0.8367081074995577,0.0978406708595388,0.5160375550871813,0.8174983916919402,0.5119504037849744,0.8355067920585162,0.7464090909090908,0.4312558356676003
2019-04-06,108.0,-0.09545454545454546,4.68213122712422,0.9892990751445088,28.05,28.35,27.83333333333333,28.34,28.03333333333333,28.03333333333333,28.14,28.9,29.05,28.600000000000005,29.12,28.73333333333333,28.73333333333333,28.9,26.9,27.1,26.46666666666667,27.4,26.9,26.9,27.00666666666667,3.6428571428571432,6.0125,9.888888888888891,9.325,16.006666666666664,10.090196078431372,16.47142857142857,22.95,38.42222222222222,30.89166666666667,48.69333333333334,34.2313725490196,0.0,0.0,0.0,0.0,0.0,0.0,2.0,1.25,1.4444444444444444,3.5,3.1333333333333333,2.4705882352941178,14.0,0.11807584528335012,0.11431026551789715,0.7336,568.1,48.51,309.1,408.59,314.99999999999994,321.86,250.16,38.76000000000001,0.9136819081010664,0.10169811320754717,0.5922590534585169,0.751015531660693,0.6423851863936698,0.6726436781609195,0.5685454545454546,0.1507936507936508
2019-04-13,125.0,-0.05681818181818181,4.8283137373023015,0.9907379190751444,28.6,28.85,28.4,28.98,29.066666666666666,29.066666666666666,28.813333333333336,29.45,29.85,29.16666666666667,29.56,29.399999999999995,29.399999999999995,29.47333333333334,27.6,27.75,27.399999999999995,28.18,28.46666666666667,28.46666666666667,27.946666666666665,3.3999999999999995,3.675,3.0444444444444447,2.558333333333334,2.74,2.9882352941176467,19.7,17.5375,15.755555555555556,14.083333333333336,12.546666666666667,15.239215686274513,0.0,0.0,0.0,0.0,0.0,0.0,3.1428571428571432,3.0,3.0,2.4166666666666665,2.6666666666666665,2.784313725490196,15.0,0.6914091786166878,1.0543102655178949,0.7459666666666667,473.1,43.01000000000001,273.9,450.4500000000001,293.16,394.24,268.45,92.14,0.7608922913617575,0.09016771488469602,0.5248131826020309,0.827956989247312,0.5978464801370421,0.8239080459770115,0.6101136363636364,0.3584656084656085
2019-04-20,135.0,-0.03409090909090909,4.90527477843843,0.9921766473988436,29.200000000000006,29.7,29.0,29.46,29.53333333333333,29.53333333333333,29.38000000000001,30.200000000000006,30.45,29.7,30.2,30.2,30.2,30.133333333333336,27.75,28.15,27.9,28.34,28.16666666666667,28.16666666666667,28.11333333333333,8.32857142857143,1.8714285714285717,1.4625,4.658333333333334,3.506666666666667,3.9102040816326533,39.87142857142858,9.171428571428569,9.4375,22.1,22.37333333333333,20.808163265306124,0.0,0.0,0.0,0.0,0.0,0.0,2.8571428571428568,1.7142857142857142,1.375,1.8333333333333333,1.6666666666666667,1.836734693877551,16.0,1.3514091786166844,1.2209769321845627,0.7583333333333333,535.8,52.69,272.80000000000007,455.91,312.48,311.0800000000001,248.98,108.46,0.8617334384097013,0.11046121593291404,0.5227054991377659,0.8379928315412186,0.6372461049025205,0.6501149425287357,0.5658636363636363,0.4219576719576721
2019-04-27,157.0,0.01590909090909091,5.056245805348309,0.9936153757225432,27.450000000000006,28.450000000000006,28.4,28.075000000000006,28.46666666666667,28.46666666666667,28.176923076923075,28.05,29.8,29.45,29.425,29.66666666666667,29.66666666666667,29.330769230769228,26.450000000000006,26.25,26.950000000000006,26.075000000000006,27.0,27.0,26.507692307692317,12.085714285714287,12.371428571428568,12.157142857142857,13.272727272727273,14.126666666666667,13.068085106382982,35.48571428571428,57.8,72.44285714285716,41.872727272727275,46.15999999999999,49.21489361702128,0.31428571428571433,0.028571428571428574,0.0,0.018181818181818184,0.0,0.055319148936170216,4.142857142857143,2.8571428571428568,2.0,4.181818181818182,3.8,3.5319148936170213,17.0,0.5488450760525794,-0.3846640934564576,0.7706999999999999,499.45,43.53,292.2000000000001,334.75,300.0900000000001,276.53,200.39,117.57,0.8032713061099763,0.09125786163522012,0.5598773711438972,0.6152927120669056,0.611978954237703,0.5779101358411702,0.4554318181818182,0.4573996265172735
2019-05-04,194.0,0.1,5.267858159063328,0.9950541040462424,28.7,29.15,28.83333333333333,29.440000000000005,29.2,29.2,29.13333333333333,29.4,29.95,29.33333333333333,30.06,29.66666666666667,29.66666666666667,29.73333333333334,27.9,28.35,28.16666666666667,28.76,28.66666666666667,28.66666666666667,28.45333333333333,1.8000000000000005,4.714285714285714,4.411111111111111,2.5666666666666664,4.193333333333333,3.58,9.14285714285714,19.457142857142856,15.922222222222226,13.916666666666664,19.506666666666668,16.061999999999998,0.0,0.0,0.0,0.0,0.0,0.0,2.0,2.571428571428572,2.2222222222222223,1.5833333333333333,2.7333333333333334,2.24,18.0,0.3716934051530281,1.1078952649823712,0.7780645161290322,563.58,46.2,326.9600000000001,465.3,291.2,226.2,329.49,186.05,0.9064123389677856,0.09685534591194968,0.6264801686146771,0.8552522746071133,0.5938494167550371,0.4727272727272728,0.7488409090909091,0.7238173046996575
2019-05-11,287.0,0.31136363636363634,5.6594822157596205,0.996492947976879,28.75,29.5,29.066666666666666,29.2,29.16666666666667,29.16666666666667,29.14666666666667,29.85,30.7,30.266666666666666,30.32,30.3,30.3,30.29333333333333,26.65,27.25,26.96666666666667,26.94,27.1,27.1,26.98,6.914285714285716,11.085714285714284,8.133333333333333,12.591666666666667,16.080000000000002,11.829999999999998,40.94285714285714,45.81428571428571,34.57777777777778,67.475,65.10666666666667,54.096000000000004,0.0,0.0,0.0,0.0,0.0,0.0,1.4285714285714286,1.8571428571428568,1.8888888888888888,2.333333333333333,2.466666666666667,2.1,19.0,0.931693405153016,-0.3654380683509615,0.7816774193548387,545.9100000000002,54.0,325.13,443.68,246.61,324.51,255.78000000000003,134.2,0.8779934702542742,0.11320754716981132,0.6229737497604904,0.815513280029409,0.5029162248144221,0.6781818181818181,0.5813181818181818,0.5220977279800808
2019-05-18,309.0,0.3613636363636364,5.733341276897747,0.9979316763005784,28.25,29.25,29.0,28.8,28.9,28.9,28.842857142857145,28.9,29.95,29.4,29.76,29.65,29.65,29.57142857142857,27.6,28.25,28.33333333333333,27.72,27.6,27.6,27.892857142857146,8.371428571428572,4.714285714285714,3.1333333333333333,9.35,3.9533333333333336,5.825999999999999,31.9,16.057142857142857,20.18888888888889,36.05,20.413333333333334,25.12400000000001,0.0,0.2857142857142857,0.0,0.0,0.0,0.04,4.428571428571429,3.1428571428571432,2.7777777777777777,4.166666666666667,3.8,3.7,20.0,0.20978864324825253,0.5474190745061804,0.7852903225806451,543.12,56.25,341.6,391.04,213.85,247.08,258.3,150.67,0.8735062804574039,0.1179245283018868,0.6545315194481701,0.7187574671445641,0.4361081654294805,0.5163636363636364,0.5870454545454545,0.5861733582321816
2019-05-25,378.0,0.5181818181818182,5.934894195619588,0.9993704046242778,28.3,29.3,28.83333333333333,28.62,29.0,29.0,28.786666666666665,29.8,30.65,29.933333333333334,30.02,29.9,29.9,30.03333333333333,27.1,28.1,28.0,27.52,28.23333333333333,28.23333333333333,27.78,2.7,0.8428571428571429,0.43333333333333335,5.116666666666666,1.56,2.27,14.342857142857143,4.742857142857141,2.6444444444444444,22.308333333333334,7.96,10.890000000000002,0.0,0.0,0.0,0.0,0.0,0.0,2.142857142857143,1.0,1.1111111111111112,3.333333333333333,1.6666666666666667,1.94,21.0,0.6716934051530146,0.4345619316490357,0.7889032258064517,558.0,73.35000000000002,338.55,302.68,312.13,285.36,297.36,214.72,0.8974379593740451,0.1537735849056604,0.6486874880245257,0.5563459240878597,0.6365323435843053,0.5963636363636364,0.6758181818181819,0.8353563647681294
2019-06-01,401.0,0.5704545454545454,5.9939614273065684,1.0008091329479774,28.8,29.5,28.96666666666667,29.08,29.133333333333336,29.133333333333336,29.086666666666666,30.05,30.45,29.83333333333333,29.880000000000006,29.7,29.7,29.93333333333334,27.4,28.35,27.8,27.9,28.266666666666666,28.266666666666666,27.946666666666665,4.271428571428572,1.825,2.844444444444445,5.615384615384617,3.3466666666666667,3.717307692307692,16.842857142857145,9.65,17.61111111111111,24.669230769230772,17.626666666666672,18.051923076923078,0.0,0.0,0.0,0.030769230769230767,0.0,0.007692307692307694,3.7142857142857135,1.375,1.6666666666666667,2.9230769230769234,1.9333333333333331,2.2884615384615383,22.0,0.7318036830582102,0.8923131583748614,0.7921,541.8800000000001,81.0,330.4,246.6,250.29,289.52,291.86999999999995,22.680000000000003,0.8715119738810173,0.16981132075471694,0.6330714696301972,0.4532671629445824,0.5104209152459418,0.6050574712643678,0.6633409090909089,0.08823529411764706
2019-06-08,400.0,0.5681818181818182,5.991464547107983,1.0022479768786128,27.1,27.9,27.53333333333333,27.62,28.1,28.1,27.66666666666667,28.3,29.35,28.96666666666667,28.9,29.066666666666666,29.066666666666666,28.92666666666667,25.9,26.6,26.0,26.46,27.2,27.2,26.46,7.885714285714285,14.057142857142859,13.58888888888889,14.707692307692303,16.58,14.03529411764706,24.37142857142857,38.34285714285714,43.90000000000001,43.707692307692305,60.90666666666666,45.40980392156863,0.05714285714285715,0.3428571428571429,0.0,0.015384615384615384,0.12,0.09411764705882353,3.8571428571428568,2.8571428571428568,3.333333333333333,3.2307692307692313,3.6666666666666665,3.4117647058823533,23.0,-0.27486298360846106,-0.5943535082918068,0.7928000000000001,552.0,76.0,327.6,340.2,250.29,303.6,244.95,36.18000000000001,0.8877880888431414,0.15932914046121593,0.6277064571757041,0.6253101736972705,0.5104209152459418,0.6344827586206897,0.5567045454545454,0.14075630252100846
2019-06-15,467.0,0.7204545454545455,6.1463292576688975,1.0036867052023122,28.15,28.85,28.600000000000005,28.640000000000004,28.8,28.8,28.626666666666665,29.2,29.700000000000006,29.766666666666666,29.640000000000004,29.6,29.6,29.606666666666666,26.700000000000006,27.2,26.96666666666667,27.160000000000004,27.399999999999995,27.399999999999995,27.113333333333333,8.071428571428571,11.4625,5.544444444444445,9.346153846153848,8.84,8.696153846153846,25.71428571428571,41.2,21.577777777777783,29.115384615384606,34.18666666666666,30.675000000000008,0.2571428571428572,0.075,0.0,0.04615384615384616,0.0,0.0576923076923077,5.285714285714286,4.125,4.222222222222221,4.9230769230769225,4.666666666666667,4.653846153846153,24.0,0.4051370163915351,0.05897982504153276,0.7935,577.76,96.0,365.4,368.1,278.64,338.80000000000007,269.1,67.77000000000001,0.9292181996558212,0.20125786163522014,0.7001341253113622,0.6765922249793218,0.5682355820213721,0.7080459770114944,0.6115909090909092,0.263655462184874
2019-06-22,433.0,0.6431818181818182,6.07073772800249,1.0051254335260116,27.700000000000006,28.4,27.766666666666666,28.160000000000004,28.23333333333333,28.23333333333333,28.06666666666667,29.1,29.8,28.93333333333333,29.28,29.366666666666664,29.366666666666664,29.27333333333333,26.1,27.200000000000006,26.366666666666664,26.92,27.23333333333333,27.23333333333333,26.800000000000004,8.771428571428572,5.585714285714286,8.2,11.369230769230768,3.9933333333333327,7.490196078431373,35.22857142857144,19.657142857142862,25.36666666666667,38.64615384615385,15.426666666666668,26.398039215686268,0.0,0.14285714285714285,0.0,0.0,0.0,0.0196078431372549,5.142857142857143,4.285714285714286,5.222222222222221,3.3846153846153846,2.8666666666666667,3.92156862745098,25.0,0.07180368305820295,-0.2543535082917998,0.7942,552.0000000000001,132.0,378.7,363.6,297.2700000000001,360.8,222.18,39.15000000000001,0.8877880888431415,0.2767295597484277,0.7256179344702048,0.6683209263854426,0.6062280773309406,0.754022988505747,0.5049545454545454,0.1523109243697479
2019-06-29,497.0,0.7886363636363637,6.208590026096629,1.006564161849711,28.950000000000006,29.3,28.7,29.02,28.53333333333333,28.53333333333333,28.88666666666667,29.700000000000006,30.0,29.3,29.620000000000005,28.899999999999995,28.899999999999995,29.473333333333336,28.3,28.6,28.066666666666666,28.18,27.83333333333333,27.83333333333333,28.16,0.5,1.2125,1.122222222222222,1.0769230769230769,2.8200000000000003,1.5307692307692309,2.514285714285714,6.275,6.0555555555555545,7.169230769230769,15.386666666666667,8.582692307692309,0.0,0.0,0.0,0.0,0.0,0.0,1.1428571428571428,1.25,1.0,1.0,1.0,1.0576923076923077,26.0,0.2718036830582058,1.105646491708196,0.7948999999999999,557.36,109.26000000000002,430.96,409.2,278.63000000000005,394.02,257.48,89.73,0.8964086398507487,0.2290566037735849,0.8257520597815672,0.7521367521367521,0.5682151888408518,0.8234482758620689,0.5851818181818182,0.3490896358543417
2019-07-06,593.0,1.0068181818181818,6.385194398997727,1.0080030057803464,29.0,29.6,28.93333333333333,29.160000000000004,29.16666666666667,29.16666666666667,29.15333333333333,29.6,30.0,29.366666666666664,29.58,29.46666666666667,29.46666666666667,29.57333333333333,28.05,28.85,28.33333333333333,28.579999999999995,28.633333333333336,28.633333333333336,28.50666666666666,4.525,0.725,0.2222222222222222,2.8230769230769237,0.6533333333333332,1.7075471698113216,21.45,3.75,0.8999999999999999,14.9,4.1066666666666665,8.773584905660378,0.0,0.0,0.0,0.0,0.0,0.0,1.375,1.0,1.1111111111111112,1.4615384615384617,0.9333333333333332,1.169811320754717,27.0,0.7064097831885121,1.6584562138712506,0.7866774193548387,601.0,121.6,401.04,300.48,272.09000000000003,293.4,233.1,66.72,0.9665953648455216,0.25492662473794553,0.7684230695535542,0.5523021781086298,0.5548780487804879,0.6131661442006269,0.5297727272727272,0.2595704948646125
2019-07-13,664.0,1.1681818181818182,6.498282149476434,1.0094417341040458,28.4,29.05,28.6,28.86,28.7,28.7,28.74000000000001,29.55,29.7,29.33333333333333,29.5,29.4,29.4,29.48,26.8,27.700000000000006,27.53333333333333,27.779999999999994,27.633333333333336,27.633333333333336,27.56,7.2375,5.562499999999999,2.433333333333333,5.615384615384616,2.5133333333333336,4.433962264150946,29.5875,19.825,11.244444444444444,23.57692307692308,10.293333333333333,18.06415094339623,0.0,0.0,0.0,0.0,0.0,0.0,2.75,2.625,2.2222222222222223,2.8461538461538463,2.2666666666666666,2.5283018867924527,28.0,0.6130764498551855,0.7117895472045923,0.7769677419354839,596.0,141.76000000000005,433.44,322.55999999999995,327.6,423.9,222.6,95.04,0.9585538060697686,0.2971907756813418,0.8305039279555468,0.5928866832092639,0.6680805938494168,0.8858934169278998,0.5059090909090909,0.3697478991596639
2019-07-20,647.0,1.1295454545454546,6.472346294500902,1.0108804624277452,28.6,29.0,28.73333333333333,28.82,28.9,28.9,28.81333333333333,29.7,29.8,29.5,29.48,29.433333333333334,29.433333333333334,29.54666666666667,26.95,27.2,27.16666666666667,27.22,27.73333333333333,27.73333333333333,27.27333333333333,0.8625000000000002,2.0500000000000003,1.5333333333333334,1.2230769230769232,1.64,1.4641509433962263,5.700000000000001,11.05,9.3,8.215384615384616,10.6,9.122641509433963,0.0,0.0,0.0,0.0,0.0,0.0,1.375,1.625,1.4444444444444444,1.3076923076923077,1.2,1.3584905660377358,29.0,0.6797431165218519,0.4251228805379199,0.7672580645161291,564.0,124.8,401.04,329.2800000000001,283.92,360.0,227.5,154.08,0.9070878299049489,0.26163522012578616,0.7684230695535542,0.6052384891094571,0.5790031813361612,0.7523510971786834,0.5170454545454546,0.5994397759103641
2019-07-27,605.0,1.0340909090909092,6.405228458030843,1.0123191907514446,27.9,28.8,28.4,28.5,28.43333333333333,28.43333333333333,28.42666666666667,28.85,29.4,28.9,29.24,29.066666666666666,29.066666666666666,29.106666666666666,26.55,27.6,27.433333333333334,27.160000000000004,27.53333333333333,27.53333333333333,27.266666666666666,6.8375,0.875,1.1111111111111112,4.1923076923076925,3.033333333333333,3.2396226415094334,24.412499999999994,4.475,7.611111111111112,18.930769230769233,16.46666666666667,14.95660377358491,0.0,0.0,0.0,0.0,0.0,0.0,3.625,1.625,1.3333333333333333,2.6153846153846154,2.0,2.2264150943396226,30.0,0.23974311652185065,0.41845621387125576,0.7575483870967742,574.08,163.92000000000004,370.34,414.24,349.2100000000001,439.22,217.13,113.52,0.9232996123968672,0.3436477987421384,0.7095995401417895,0.7614006065618969,0.7121502569540746,0.9179101358411704,0.4934772727272727,0.4416433239962652
2019-08-03,600.0,1.0227272727272727,6.396929655216146,1.013757919075144,29.200000000000006,29.6,29.066666666666666,29.26,29.23333333333333,29.23333333333333,29.253333333333334,29.6,29.9,29.43333333333333,29.6,29.5,29.5,29.586666666666666,28.700000000000006,29.35,28.66666666666667,29.02,29.03333333333333,29.03333333333333,28.953333333333337,0.0,0.025,0.05555555555555555,0.2923076923076923,0.006666666666666667,0.08679245283018867,0.0,0.1,0.37777777777777777,2.0846153846153848,0.04,0.6018867924528303,0.0,0.0,0.0,0.0,0.0,0.0,0.0,0.25,0.4444444444444444,0.4615384615384616,0.06666666666666668,0.2452830188679245,31.0,0.8360083091250878,2.1376748215235075,0.7490000000000001,517.4399999999998,139.16000000000003,295.1,413.28,273.06,356.04,276.5,115.28,0.8322048345851359,0.2917400419287212,0.5654339911860509,0.7596360628618694,0.5568561872909699,0.744075235109718,0.6284090909090909,0.4484905073140367
2019-08-10,523.0,0.8477272727272728,6.259581464064922,1.0151967630057803,28.95,29.2,28.566666666666666,29.02,28.83333333333333,28.83333333333333,28.90666666666667,29.2,29.35,28.96666666666667,29.12,29.0,29.0,29.10666666666667,28.65,29.1,27.966666666666665,28.879999999999995,28.700000000000006,28.700000000000006,28.659999999999997,0.075,0.2875,0.6444444444444444,0.015384615384615384,0.26,0.2415094339622641,0.3625,1.95,4.333333333333333,0.08461538461538462,1.6666666666666663,1.5773584905660376,0.0,0.0,0.0,0.0,0.0,0.0,0.5,0.625,0.8888888888888888,0.15384615384615385,0.9333333333333332,0.6226415094339622,32.0,0.35600830912509096,1.844341488190164,0.742,541.44,119.84,286.6500000000001,420.66,313.24,353.28,290.72,66.44,0.8708043167087509,0.2512368972746331,0.5492431500287411,0.7732009925558313,0.6387959866220736,0.7383072100313479,0.6607272727272728,0.2584811702458761
2019-08-17,524.0,0.85,6.261491684321044,1.01663549132948,29.35,29.65,29.200000000000006,29.34,29.23333333333333,29.23333333333333,29.342857142857138,29.85,30.0,29.5,29.56,29.53333333333333,29.53333333333333,29.65,28.85,29.1,28.65,28.96,28.8,28.8,28.885714285714286,0.425,0.725,0.7000000000000001,0.16153846153846155,0.82,0.5641509433962265,2.6,4.1,4.766666666666667,1.1538461538461535,5.62,3.6943396226415084,0.0,0.0,0.0,0.0,0.0,0.0,1.0,0.875,1.0,0.6923076923076923,1.0,0.9056603773584906,33.0,0.8993416424584241,2.070055773904464,0.735,553.9200000000002,115.64,329.55,391.96,317.34,410.32,241.74000000000004,146.51999999999995,0.8908760474130307,0.24243186582809226,0.6314428051350832,0.7204484881904238,0.6471571906354514,0.8575130616509927,0.549409090909091,0.5700280112044817
2019-08-24,476.0,0.740909090909091,6.1654178542314195,1.0180742196531791,29.6,29.65,29.1,29.42,29.23333333333333,29.23333333333333,29.37333333333333,29.8,29.75,29.3,29.56,29.366666666666664,29.366666666666664,29.52666666666667,29.3,29.55,28.76666666666667,29.28,29.03333333333333,29.03333333333333,29.16666666666667,0.0,0.0,0.1888888888888889,0.0,0.16,0.07735849056603772,0.0,0.0,1.3333333333333333,0.0,1.12,0.5433962264150943,0.0,0.0,0.0,0.0,0.0,0.0,0.0,0.0,0.4444444444444444,0.0,0.13333333333333333,0.11320754716981132,34.0,0.7760083091250891,2.3510081548568422,0.728,556.8,122.36,267.15000000000003,371.46,250.1,353.2800000000001,234.63,56.76,0.8955079852678642,0.2565199161425577,0.5118796704349492,0.6827681279294183,0.5100334448160535,0.738307210031348,0.53325,0.22082166199813252
2019-08-31,414.0,0.6,6.025865973825314,1.0195129479768787,27.8,28.35,27.866666666666664,28.2,28.066666666666666,28.066666666666666,28.07333333333333,28.85,29.05,28.766666666666666,28.94,28.83333333333333,28.83333333333333,28.886666666666667,26.700000000000006,27.1,26.600000000000005,27.1,26.866666666666664,26.866666666666664,26.9,7.15,3.9875,2.0111111111111106,3.8461538461538463,4.246666666666667,4.167924528301886,38.75,21.0375,8.177777777777777,17.30769230769231,16.146666666666665,19.22830188679245,0.0,0.0,0.0,0.0,0.0,0.0,1.5,1.5,3.555555555555556,2.0,3.1333333333333333,2.4339622641509435,35.0,0.13600830912508502,0.0843414881901694,0.721,518.8399999999998,88.94000000000003,287.52,349.62,306.86,398.24,302.59,91.0,0.8344564710423468,0.18645702306079667,0.550910136041387,0.6426247587537911,0.6257851374500367,0.8322675026123302,0.6877045454545454,0.35403050108932466
2019-09-07,330.0,0.4090909090909091,5.799092654460527,1.0209517919075142,29.2,29.55,29.066666666666666,29.18,29.16666666666667,29.16666666666667,29.206666666666663,29.65,29.75,29.366666666666664,29.52,29.3,29.3,29.493333333333336,28.6,29.1,28.866666666666664,28.48,28.766666666666666,28.766666666666666,28.71333333333333,1.9,1.95,0.14444444444444446,3.9538461538461536,2.54,2.29433962264151,13.2875,13.525,1.0555555555555556,27.023076923076925,16.740000000000002,15.592452830188677,0.0,0.0,0.0,0.0,0.0,0.0,1.0,0.875,0.4444444444444444,1.2307692307692308,1.0,0.9433962264150944,36.0,0.7234528963834029,2.2205478311510305,0.7231000000000001,501.76,75.42999999999998,304.38,374.12,399.84,404.80000000000007,326.4000000000001,119.6,0.8069865062643743,0.1581341719077568,0.5832151753209426,0.6876573844315781,0.8154009299290318,0.845977011494253,0.7418181818181819,0.4652972300031124
2019-09-14,318.0,0.3818181818181817,5.762051382780178,1.0223905202312136,28.95,29.45,28.933333333333334,29.1,28.96666666666667,28.96666666666667,29.06666666666667,29.4,29.7,29.133333333333336,29.380000000000006,29.23333333333333,29.23333333333333,29.34666666666666,27.6,28.65,28.4,28.380000000000006,28.2,28.2,28.279999999999994,0.7875000000000001,0.1125,0.0,0.09230769230769233,0.0,0.1584905660377358,5.4625,0.725,0.022222222222222227,0.5615384615384617,0.0,1.0754716981132078,0.0,0.0,0.0,0.0,0.0,0.0,0.875,0.625,0.1111111111111111,0.6153846153846154,0.0,0.3962264150943397,37.0,0.5767862297167277,1.7872144978176898,0.7252,558.5999999999998,79.04,315.78,408.89999999999986,331.8,419.76,297.16,125.84,0.8984029464271354,0.16570230607966455,0.6050584403142363,0.7515853322304934,0.6766457296679991,0.8772413793103448,0.6753636363636364,0.48957360722066606
2019-09-21,301.0,0.3431818181818182,5.7071102647488745,1.023829248554913,28.85,29.3,28.9,29.0,28.866666666666664,28.866666666666664,28.97333333333334,29.15,29.45,29.133333333333336,29.26,29.03333333333333,29.03333333333333,29.20000000000001,28.35,29.05,28.566666666666666,28.68,28.6,28.6,28.646666666666665,0.0,0.0,0.022222222222222227,0.0,0.0,0.0037735849056603774,0.0,0.0,0.15555555555555556,0.015384615384615384,0.0,0.03018867924528302,0.0,0.0,0.0,0.0,0.0,0.0,0.0,0.0,0.1111111111111111,0.07692307692307693,0.0,0.03773584905660377,38.0,0.4301195630500736,2.1538811644843605,0.7273000000000001,572.32,65.92999999999999,292.41,369.42,417.48,434.72,312.8,144.56,0.920468983707802,0.1382180293501048,0.5602797470779841,0.6790184725668597,0.8513745003670772,0.9085057471264368,0.7109090909090909,0.562402738873327
2019-09-28,261.0,0.2522727272727273,5.564520407322693,1.0252679768786126,28.05,28.8,28.23333333333333,28.46,28.6,28.6,28.433333333333334,29.2,29.6,28.933333333333334,29.46,29.133333333333336,29.133333333333336,29.27333333333333,26.15,26.95,26.366666666666664,26.62,27.23333333333333,27.23333333333333,26.67333333333333,9.525000000000002,3.1875,3.033333333333333,8.061538461538461,4.06,5.560377358490566,61.725,18.35,18.83333333333333,50.75384615384615,26.246666666666666,35.1622641509434,0.0,0.0,0.0,0.0,0.0,0.0,1.625,1.0,2.2222222222222223,2.230769230769231,2.0,1.8867924528301887,39.0,0.5034528963833971,0.1805478311510278,0.7293999999999999,578.98,67.95,240.62,421.3,381.36,404.08,279.14000000000004,155.26,0.9311803399971053,0.14245283018867924,0.4610461774286261,0.7743773550225164,0.7777143323272697,0.8444723092998956,0.634409090909091,0.6040305010893245
2019-10-05,246.0,0.21818181818181814,5.5053315359323625,1.026706820809249,26.25,27.75,27.4,27.5,27.83333333333333,27.83333333333333,27.41333333333333,27.200000000000006,28.85,28.3,28.24,28.366666666666664,28.366666666666664,28.219999999999995,25.4,26.85,26.23333333333333,26.62,27.16666666666667,27.16666666666667,26.520000000000003,12.725,9.9,3.1888888888888887,8.73846153846154,5.6866666666666665,7.709433962264153,45.71250000000001,32.05,12.122222222222224,37.43076923076923,21.4,29.033962264150947,0.0,0.0,0.0,0.015384615384615384,0.0,0.0037735849056603774,4.25,2.875,4.111111111111111,3.1538461538461537,3.4,3.5094339622641515,40.0,-0.5626892782723161,-0.2543897579196788,0.7382258064516128,557.0,89.55,232.96,487.06,295.68,301.7800000000001,188.94,178.0,0.8958296476188945,0.18773584905660376,0.446369036213834,0.895248598474405,0.6029855616281915,0.6306792058516197,0.4294090909090909,0.6924992219109866
2019-10-12,228.0,0.17727272727272728,5.429345628954442,1.0281455491329483,26.65,28.200000000000006,27.866666666666664,28.04,28.66666666666667,28.66666666666667,27.966666666666665,27.85,29.25,28.66666666666667,28.860000000000007,29.43333333333333,29.43333333333333,28.85333333333334,25.7,26.95,26.76666666666667,27.18,27.5,27.5,26.933333333333334,6.237499999999999,6.737500000000002,4.866666666666666,5.461538461538462,2.6733333333333333,4.881132075471698,23.5625,29.125000000000004,27.488888888888887,25.97692307692308,15.566666666666668,23.398113207547173,0.0,0.025,0.0,0.0,0.0,0.0037735849056603774,4.25,4.25,2.4444444444444446,3.0,1.8,2.9433962264150937,41.0,0.07064405506102744,0.15894357541365522,0.7497419354838709,545.0,89.55,263.20000000000005,444.92000000000013,393.96,267.81000000000006,202.34000000000003,149.5,0.8765299065570871,0.18773584905660376,0.5043111707223606,0.8177924823086116,0.8034097397830164,0.5596865203761757,0.4598636363636364,0.5816215375038905
2019-10-19,239.0,0.20227272727272727,5.476463551931511,1.029584277456648,27.25,28.95,28.466666666666665,28.5,29.066666666666666,29.066666666666666,28.5,27.85,29.5,28.76666666666667,29.02,29.53333333333333,29.53333333333333,28.98,26.45,28.05,27.933333333333334,27.74,28.2,28.2,27.74,6.9875,2.775,0.3,5.561538461538461,0.6333333333333333,3.0679245283018868,28.862500000000004,14.4,1.6888888888888889,20.26153846153846,3.506666666666667,12.779245283018872,0.025,0.0,0.0,0.0,0.0,0.0037735849056603774,4.25,2.0,1.1111111111111112,2.6153846153846154,1.3333333333333333,2.150943396226415,42.0,0.1973107217276855,0.96561024208032,0.7612580645161291,544.0,73.2,259.28000000000003,414.54,373.8,319.95,276.04,88.5,0.8749215948019364,0.15345911949685534,0.4968001532860701,0.7619520264681556,0.7622970878538216,0.6686520376175549,0.6273636363636365,0.3443043884220355
2019-10-26,242.0,0.20909090909090908,5.488937726156687,1.0310230057803471,26.9,28.05,27.76666666666667,27.64,28.3,28.3,27.75333333333333,28.05,29.1,29.066666666666666,28.58,29.2,29.2,28.8,25.5,26.35,26.53333333333333,25.8,27.03333333333333,27.03333333333333,26.22666666666667,10.8,7.550000000000002,6.411111111111111,12.469230769230773,7.1933333333333325,8.952830188679245,32.849999999999994,23.825,24.61111111111111,44.261538461538464,25.11333333333333,30.698113207547173,0.0,0.0,0.0,0.015384615384615384,0.02666666666666667,0.011320754716981131,3.875,2.75,2.4444444444444446,4.615384615384615,4.266666666666667,3.7547169811320753,43.0,0.017310721727685774,-0.5477230912530153,0.7727741935483872,563.9,77.41,269.25,483.32,397.65,337.7800000000001,285.19000000000005,72.0,0.9069269987294336,0.16228511530398326,0.5159034297758189,0.8883742303097142,0.8109348233950566,0.7059143155694879,0.6481590909090911,0.2801120448179272
2019-11-02,308.0,0.3590909090909091,5.730099782973574,1.0324617341040467,27.05,28.200000000000006,27.83333333333333,28.26,28.66666666666667,28.66666666666667,28.086666666666666,28.05,29.6,29.1,29.28,29.53333333333333,29.53333333333333,29.173333333333336,25.950000000000006,26.9,26.4,27.18,27.73333333333333,27.73333333333333,26.93333333333333,5.112500000000002,6.799999999999999,10.855555555555556,2.3769230769230774,4.286666666666666,5.437735849056604,15.1,24.225,48.988888888888894,11.569230769230769,26.1,24.479245283018866,0.0,0.0,0.0,0.015384615384615384,0.0,0.0037735849056603774,2.875,2.375,2.0,2.3846153846153846,1.8666666666666667,2.2452830188679247,44.0,0.9614830277828474,0.6869589125639806,0.7817333333333333,621.77,68.4,329.4000000000001,362.9,349.92000000000013,335.4,232.20000000000005,86.39999999999998,1.0,0.14339622641509436,0.6311553937535926,0.6670342799375059,0.7135981727710256,0.7009404388714733,0.5277272727272728,0.3361344537815125
2019-11-09,322.0,0.3909090909090909,5.7745515455444085,1.0339005780346822,27.8,28.75,28.4,28.72,28.96666666666667,28.96666666666667,28.586666666666666,29.5,30.35,29.7,29.9,30.133333333333336,30.133333333333336,29.91333333333333,26.75,27.8,27.7,27.660000000000004,27.9,27.9,27.61333333333333,3.25,6.3375,1.5111111111111108,6.992307692307692,3.566666666666667,4.428301886792452,13.037499999999998,24.9,7.177777777777778,30.461538461538463,16.21333333333333,19.00566037735849,0.0,0.0,0.0,0.0,0.0,0.0,2.25,2.125,1.4444444444444444,1.6153846153846154,1.2,1.6415094339622642,45.0,1.7014830277828423,1.3669589125639838,0.7842999999999999,549.99,80.75,304.39,336.2999999999999,311.85,293.26,192.24,176.16000000000003,0.8845553822152886,0.16928721174004194,0.5832343360797086,0.6181417149159084,0.6359613345297332,0.6128735632183908,0.4369090909090909,0.6853408029878618
2019-11-16,373.0,0.5068181818181818,5.921578419643817,1.0353393063583816,27.25,28.55,28.23333333333333,28.320000000000004,28.7,28.7,28.26666666666667,28.35,29.65,28.866666666666664,29.08,29.266666666666666,29.266666666666666,29.05333333333333,26.450000000000006,27.6,27.266666666666666,27.3,28.133333333333336,28.133333333333336,27.38666666666667,4.8875,2.6750000000000003,0.3555555555555556,2.6,1.3066666666666669,2.209433962264151,18.7875,15.062499999999998,2.211111111111111,11.261538461538464,8.653333333333334,10.696226415094337,0.0,0.0,0.0,0.0,0.0,0.0,3.125,1.75,1.0,2.0769230769230766,1.2666666666666666,1.7735849056603774,46.0,0.8414830277828429,1.1402922458973173,0.7868666666666667,531.56,87.59,336.11,409.4500000000001,302.94,253.7,205.74000000000004,179.51999999999995,0.8549141965678626,0.18362683438155136,0.6440122628856101,0.7525962687253012,0.6177910106860266,0.5301985370950888,0.4675909090909092,0.6984126984126983
2019-11-23,334.0,0.41818181818181815,5.811140992976701,1.036778034682081,26.75,27.6,27.1,27.380000000000006,27.899999999999995,27.899999999999995,27.37333333333334,28.1,29.4,28.6,29.14,29.53333333333333,29.53333333333333,29.006666666666664,25.85,26.45,26.33333333333333,26.360000000000007,26.566666666666666,26.566666666666666,26.34,4.1625,3.2125000000000004,2.0222222222222217,10.323076923076924,5.973333333333333,5.679245283018867,12.937499999999998,12.975,10.8,40.8,28.146666666666665,23.71886792452829,0.0,0.0,0.0,0.0,0.0,0.0,4.0,4.0,3.4444444444444446,4.461538461538462,3.6666666666666665,3.924528301886793,47.0,0.7948163611161759,0.0936255792306504,0.7894333333333333,541.2600000000001,75.61999999999998,335.49999999999994,485.44999999999993,274.59000000000003,280.36,163.62,149.76,0.8705148205928239,0.15853249475890982,0.6428434566008812,0.8922893116441503,0.5599763439105964,0.5859143155694879,0.3718636363636364,0.5826330532212884
